67 296
48 13
25 25
51 55
17 37
29 49
30 53
60 10
63 40
39 30
44 17
15 40
4 10
18 22
2 25
48 1
25 65
8 54
45 50
10 2
2 30
11 49
29 32
41 26
48 29
54 43
39 10
62 48
36 29
65 21
28 29
31 16
60 52
10 60
54 42
46 32
1 6
12 53
45 6
27 6
13 36
16 34
36 29
50 15
3 35
60 26
62 60
64 29
19 36
37 32
51 63
25 19
22 56
24 2
46 65
9 26
26 38
24 18
28 57
32 30
61 50
26 17
13 21
36 33
11 23
35 7
25 20
5 10
23 3
19 40
39 53
47 5
31 22
9 17
65 45
11 34
35 20
13 48
53 33
43 10
39 20
59 5
23 30
62 40
35 53
64 5
13 43
57 43
6 18
8 8
40 28
58 19
50 35
42 46
5 54
43 39
40 39
2 10
66 50
66 39
59 22
2 58
28 2
44 14
7 63
32 34
49 7
44 64
37 24
34 29
12 64
62 59
55 65
46 7
36 58
14 63
40 42
36 54
36 58
3 32
38 46
54 26
23 11
38 46
14 55
17 13
65 2
3 27
59 21
25 56
62 58
53 64
8 44
9 45
1 34
66 57
64 51
12 46
21 19
50 14
30 47
51 23
8 42
33 39
64 21
58 32
57 21
56 48
11 14
4 31
56 48
31 33
63 24
23 45
22 51
27 54
67 63
24 38
66 39
48 22
16 50
46 22
57 11
38 60
55 67
63 33
57 35
40 3
34 42
37 47
44 12
45 41
9 15
14 37
62 24
29 4
28 4
58 54
18 42
6 61
17 46
3 65
44 40
27 65
50 35
32 15
38 39
48 18
23 2
51 24
60 40
9 9
30 47
52 28
12 32
45 45
13 63
7 28
45 53
5 21
29 64
28 59
4 22
60 65
10 59
58 61
46 37
33 22
25 4
38 3
23 56
45 59
28 4
34 34
1 33
50 48
16 52
10 37
58 26
28 61
51 19
23 33
55 46
12 11
48 22
53 34
40 15
16 59
11 36
65 10
54 35
33 36
17 40
67 13
32 53
41 43
29 39
10 29
54 67
55 64
11 53
37 50
10 41
51 37
53 38
59 5
41 63
43 61
58 8
62 62
15 27
50 28
41 58
59 28
40 60
13 29
54 34
29 12
23 20
43 45
67 24
14 43
3 24
28 20
51 62
19 66
21 8
20 23
19 21
56 1
15 2
3 9
60 29
43 2
8 10
16 27
53 66
23 64
29 53
2 18
55 26
66 63
31 32
48 59
31 5
38 8
22 50
10 10
63 30
59 55
18 10
59 52
31 30
10 34
57 43
51 39
23 54
