72 1915
2 31
36 45
23 16
13 8
53 30
45 70
9 53
71 15
3 29
18 24
21 61
8 56
42 26
55 21
36 9
31 56
41 65
5 46
22 69
63 64
44 8
25 70
42 65
56 8
59 10
22 61
50 3
13 39
19 44
70 54
44 67
4 12
44 43
5 9
2 14
1 49
49 51
54 34
35 67
43 10
11 49
36 25
72 57
69 42
31 51
19 8
55 39
23 55
27 26
52 16
43 66
43 33
5 47
4 12
51 43
72 39
60 27
21 52
39 54
2 42
68 45
4 11
38 44
48 39
63 9
33 34
42 58
60 41
55 19
58 3
26 40
31 21
21 24
41 14
71 11
2 5
61 5
10 23
64 27
62 38
7 69
53 62
62 21
61 10
39 48
18 46
8 2
39 30
62 23
56 39
33 71
54 68
47 25
12 13
69 51
43 67
59 41
1 62
40 20
15 18
62 37
18 71
70 11
17 1
47 65
9 64
12 67
14 56
60 42
12 3
22 5
29 29
43 19
3 41
22 55
7 3
10 11
3 29
4 40
14 61
57 21
14 71
72 38
26 71
67 39
72 42
2 17
37 22
64 19
35 23
2 13
16 51
62 58
69 64
72 60
27 12
3 36
21 6
62 49
18 19
68 48
57 67
25 54
43 13
65 11
19 64
59 71
9 4
63 17
23 56
60 5
59 45
21 13
23 43
21 44
69 11
8 23
39 52
59 69
70 10
63 56
9 52
26 68
41 21
23 24
26 69
55 19
45 8
64 49
52 56
5 38
60 71
14 26
58 71
25 61
40 5
57 4
31 51
38 61
25 21
5 8
7 47
26 63
72 45
19 15
35 11
6 71
23 38
70 33
41 19
26 7
63 46
31 23
59 5
47 66
33 6
41 49
52 62
59 33
21 60
54 41
38 54
1 65
54 66
1 5
38 47
39 26
4 61
25 1
69 42
22 42
49 39
36 66
17 43
13 64
60 46
34 20
59 8
29 9
49 50
53 21
7 37
54 31
47 19
16 48
63 35
34 29
24 40
13 12
16 60
29 4
13 57
14 50
35 72
43 66
55 6
29 67
69 4
25 45
15 54
27 23
71 30
27 20
32 65
45 46
63 34
13 23
63 62
50 51
46 8
2 42
58 46
6 44
40 36
8 13
22 71
58 68
63 52
49 7
23 42
2 25
64 30
12 15
44 46
54 7
43 23
26 1
40 42
50 34
15 53
2 55
58 47
62 72
5 62
37 21
30 12
22 53
49 54
66 20
18 63
51 20
60 61
67 56
2 19
16 37
20 15
31 2
20 20
14 58
18 2
70 15
13 45
1 17
18 68
32 31
34 2
64 21
47 42
6 15
7 55
9 37
13 58
71 15
60 48
34 35
13 58
60 36
11 38
57 69
5 14
13 55
28 56
30 16
53 62
58 37
65 23
68 64
51 54
67 21
34 25
43 42
48 13
16 13
2 47
8 43
17 6
65 53
71 56
27 37
54 34
15 19
54 12
1 57
22 51
33 61
13 57
48 48
65 50
25 26
32 49
6 48
37 35
37 65
37 25
34 38
34 52
62 72
56 36
40 70
70 10
28 38
15 38
1 60
41 27
72 26
30 10
57 31
18 61
48 2
4 13
32 16
33 21
38 69
44 33
26 8
26 49
65 25
62 2
55 7
8 39
11 53
52 60
27 62
32 19
66 1
69 43
55 22
10 22
47 9
37 1
46 38
52 33
18 14
43 60
65 65
46 22
20 29
26 5
35 37
31 7
35 5
56 19
70 29
6 29
42 69
10 14
52 8
58 11
30 36
54 28
7 41
43 72
10 15
47 47
50 61
30 16
52 55
5 21
5 48
61 60
22 1
10 14
29 48
69 53
22 52
70 66
9 15
6 29
54 30
52 65
30 62
7 70
36 47
19 25
13 61
23 1
11 20
30 67
72 52
21 9
41 61
69 70
32 53
8 61
31 31
66 27
18 31
56 9
68 52
12 39
13 44
68 14
42 46
47 28
53 28
17 5
63 48
25 56
19 24
57 8
13 69
38 36
3 8
18 2
35 62
38 23
61 30
3 65
42 32
58 33
53 33
18 11
32 28
3 48
51 19
25 46
65 70
3 54
67 11
12 31
1 38
26 65
53 11
29 68
35 10
2 2
63 50
57 34
61 34
3 62
70 44
8 72
9 26
24 32
57 37
32 41
46 20
48 45
22 58
10 62
61 36
29 71
67 33
36 26
53 34
25 51
54 59
21 28
48 51
52 2
13 65
60 9
67 55
23 44
64 44
34 55
49 28
13 16
33 43
11 67
25 35
4 21
67 33
42 35
51 22
16 53
56 45
34 21
47 72
57 12
33 72
53 55
22 69
56 29
66 2
32 29
23 21
37 61
51 30
29 38
52 5
52 55
57 65
32 38
10 7
4 22
3 55
18 70
29 45
31 38
45 14
26 48
33 25
61 36
56 33
55 3
34 56
72 41
48 38
71 13
53 42
49 19
37 41
35 52
69 69
49 12
59 15
64 12
63 15
49 24
18 11
63 12
5 63
20 19
14 12
14 57
39 68
8 9
23 61
70 41
14 52
24 5
27 11
11 41
23 30
28 35
15 59
7 24
22 49
47 14
34 66
55 9
40 11
56 66
10 43
36 13
72 66
66 66
5 45
11 15
35 7
45 4
41 26
13 46
52 54
34 24
12 65
64 71
41 16
35 53
21 60
44 72
20 57
17 36
49 67
31 54
58 26
3 66
8 23
18 48
47 63
70 58
61 64
34 18
25 26
63 34
57 56
32 19
33 62
18 17
48 22
9 47
53 46
31 7
18 11
14 5
56 28
40 69
4 16
53 26
24 10
61 16
60 62
38 60
15 60
64 51
33 21
63 16
19 27
49 50
49 6
49 45
54 20
59 48
65 8
65 15
63 15
21 57
16 71
32 61
39 33
18 48
4 40
2 66
52 42
57 27
36 55
51 72
1 24
30 2
52 25
29 17
4 42
15 20
53 66
52 52
7 69
39 34
58 17
42 22
41 19
63 18
4 55
59 38
2 71
72 69
22 51
43 16
10 26
50 25
57 72
10 51
34 49
64 48
26 38
63 19
64 45
2 15
7 29
34 15
56 26
26 48
38 21
9 36
62 64
7 72
62 17
44 32
45 13
62 58
36 55
9 40
68 9
35 58
39 42
32 11
35 40
36 59
13 16
40 61
2 68
39 1
12 44
56 53
18 8
54 16
65 45
71 15
26 38
50 11
4 5
21 18
52 2
30 38
33 19
48 43
5 5
48 12
57 50
72 17
72 35
19 18
56 7
42 39
20 53
71 58
5 23
65 53
41 24
7 49
68 63
16 30
47 36
50 10
47 42
66 68
8 45
59 32
49 71
2 48
65 70
66 48
10 23
67 18
21 17
65 68
54 19
18 31
57 24
23 57
45 37
15 5
57 63
24 66
36 58
47 65
65 32
18 19
11 6
53 3
29 54
66 31
62 24
36 28
50 10
21 50
12 2
62 62
11 65
40 16
18 2
41 12
21 51
41 28
33 4
13 46
3 22
43 42
12 46
31 39
19 33
21 38
59 42
25 30
14 42
28 34
50 31
23 72
44 56
61 52
43 40
36 13
30 10
28 37
32 44
67 14
34 30
16 67
66 28
6 53
35 66
67 64
37 57
18 69
30 31
55 57
49 43
57 22
22 9
68 48
18 18
39 51
49 1
3 43
41 17
54 68
57 19
15 67
10 38
11 44
52 7
38 13
68 68
54 67
44 12
61 68
67 34
37 29
39 41
57 68
49 49
57 1
24 18
30 33
1 57
39 35
5 1
12 31
3 4
33 58
63 18
61 71
59 41
27 27
21 46
48 40
17 11
23 13
49 34
2 59
10 24
25 3
9 69
63 6
70 67
67 53
47 60
61 19
64 66
42 15
18 9
58 70
58 48
55 72
51 64
8 2
46 67
16 60
1 66
65 52
5 48
20 11
5 42
45 38
12 27
2 48
14 58
53 46
2 63
27 59
46 55
35 20
28 60
35 7
4 64
55 40
17 59
52 4
32 3
29 18
22 44
11 14
18 9
50 72
3 17
1 20
67 37
34 35
4 64
51 42
10 8
52 18
9 45
51 56
32 24
12 5
7 6
20 57
53 28
16 36
21 5
66 29
49 42
68 62
15 2
40 15
27 26
47 10
38 14
24 23
30 56
19 41
70 56
63 49
47 14
1 26
54 12
14 60
72 63
34 21
12 39
58 44
16 13
63 40
63 13
44 57
41 44
67 69
11 36
18 54
72 37
59 10
24 6
28 51
33 44
13 47
11 58
8 67
32 42
30 60
28 19
55 14
49 52
33 65
62 63
30 16
17 33
23 4
50 18
38 33
3 64
50 6
21 33
60 43
20 64
66 14
21 31
57 47
71 63
48 61
72 12
59 71
17 28
29 24
37 56
42 5
14 12
20 25
41 20
36 51
10 32
35 6
43 50
10 66
57 5
55 1
40 16
32 12
17 43
21 22
8 18
49 9
18 15
1 24
47 44
41 53
61 66
11 45
13 52
9 16
2 55
53 61
14 62
7 29
39 1
55 14
67 29
67 28
24 2
11 67
15 33
3 32
50 5
65 65
51 52
23 10
47 37
11 49
19 28
62 68
21 43
18 17
63 20
56 30
63 45
72 66
42 34
33 20
3 9
12 27
54 66
12 6
26 70
9 53
30 66
54 31
27 28
63 29
3 53
23 7
24 39
1 6
15 24
5 17
63 16
5 68
45 7
32 22
66 11
31 25
39 33
15 72
39 2
6 4
15 48
33 47
49 8
45 5
7 10
29 39
30 71
12 66
40 43
67 8
31 19
5 54
7 25
9 5
43 69
15 4
3 22
23 70
36 25
38 48
25 65
66 70
9 9
65 15
48 62
37 6
34 47
34 10
45 1
19 56
63 6
66 47
72 47
62 20
25 18
34 40
53 5
44 63
7 43
67 65
60 54
69 7
66 7
47 46
1 34
62 48
57 29
70 60
29 50
41 26
15 66
11 35
67 13
59 72
24 40
60 10
60 62
44 42
63 18
69 27
68 27
50 44
19 25
60 42
34 63
47 30
38 66
30 67
28 17
62 34
36 22
34 49
17 44
18 49
2 24
1 31
45 13
15 6
52 19
37 59
8 24
47 9
70 66
22 38
39 11
31 6
44 37
54 54
42 8
39 51
10 43
14 68
44 71
29 5
45 58
70 46
30 19
2 52
47 57
66 62
44 16
52 58
63 6
48 1
71 19
34 40
39 32
11 1
57 50
60 65
69 7
10 59
60 8
32 53
2 47
33 25
44 67
54 32
70 1
15 42
48 37
53 48
58 50
47 37
21 6
59 34
4 17
8 18
11 24
41 30
55 69
12 49
30 1
68 70
56 37
37 17
46 13
38 51
58 23
35 34
63 10
3 72
34 41
15 59
42 10
29 5
68 3
28 5
50 21
24 6
45 3
72 54
56 12
54 9
55 31
31 63
8 15
68 20
16 47
48 22
33 23
35 68
3 56
38 21
9 5
56 39
13 34
65 65
39 17
61 43
33 27
51 44
47 60
38 52
45 26
67 35
65 31
20 26
59 13
13 25
2 33
30 8
33 35
48 42
41 53
3 23
57 59
22 41
52 42
16 65
26 51
32 11
49 57
32 31
29 25
8 65
61 26
8 43
48 30
60 33
8 64
55 6
62 38
26 46
39 40
28 3
38 57
54 68
49 14
39 34
24 61
54 13
35 16
30 31
51 42
7 23
44 33
18 9
41 36
21 43
9 55
48 67
17 29
47 55
42 45
41 45
28 24
16 37
2 34
26 44
32 31
7 50
59 9
36 62
57 15
24 16
25 55
29 39
27 62
57 69
50 23
13 71
49 35
22 17
21 65
34 26
25 63
53 20
55 7
61 39
62 60
67 21
71 71
51 33
69 21
13 36
27 44
37 33
56 46
72 34
49 28
16 41
6 63
65 59
8 19
21 58
32 14
53 35
36 31
66 64
30 58
51 46
61 11
39 33
32 64
29 30
72 20
26 41
45 58
35 49
28 47
28 41
48 19
40 48
23 57
17 19
22 52
26 17
71 44
36 56
65 58
62 30
25 49
17 10
32 61
58 36
13 33
33 35
45 3
58 21
56 50
33 44
61 35
20 39
49 24
28 38
52 11
44 35
68 34
68 37
31 67
64 62
42 65
21 23
23 7
36 11
63 21
67 34
28 1
63 23
51 23
70 35
56 68
69 59
58 15
5 32
24 50
3 22
52 64
16 55
47 55
46 56
45 39
28 53
59 19
28 65
30 24
27 64
21 20
33 40
66 18
58 68
69 34
60 4
50 6
26 42
68 58
16 62
49 19
39 60
72 28
19 60
17 60
28 19
52 36
42 40
52 40
12 58
53 37
35 48
4 50
10 16
6 33
17 52
60 39
27 41
45 2
68 26
28 67
23 70
12 28
14 69
1 68
19 8
9 24
47 42
35 60
58 41
14 59
10 1
29 43
39 28
17 37
6 2
64 44
12 23
53 43
63 62
8 51
23 40
24 45
2 2
45 22
72 61
35 25
4 15
60 25
36 11
21 70
27 4
52 31
37 40
72 26
43 3
9 16
56 1
18 44
26 40
44 37
21 68
61 42
28 53
9 6
10 71
71 29
57 57
32 61
41 8
3 56
26 44
21 25
61 2
71 13
32 20
48 44
41 7
20 47
53 3
21 29
57 56
18 9
1 39
61 54
71 6
1 30
70 17
27 38
23 45
8 70
28 30
64 41
27 4
33 32
46 33
23 67
41 46
11 50
11 39
26 1
16 68
39 3
62 2
19 16
46 25
28 42
6 30
68 4
61 4
3 20
54 23
64 35
9 34
28 58
22 9
7 7
12 33
47 32
9 55
38 31
50 70
3 55
53 21
44 22
45 48
11 60
70 5
22 43
58 18
52 39
36 22
12 15
18 21
56 60
72 8
42 66
3 4
46 46
34 25
41 39
12 6
24 55
6 67
11 19
28 40
27 57
11 20
50 18
52 8
27 48
11 5
58 10
56 27
68 46
54 52
2 38
26 64
26 6
6 10
39 20
31 50
58 25
44 21
32 71
24 18
30 28
58 14
19 30
58 19
21 7
62 28
15 44
55 12
33 72
70 64
48 22
59 10
72 38
23 23
71 47
23 43
35 63
60 20
71 47
33 36
10 59
29 43
17 16
34 44
14 62
69 38
16 48
23 62
5 25
67 36
54 34
49 35
10 2
50 69
53 29
29 30
34 56
66 23
71 11
5 71
24 23
28 5
14 19
13 32
42 58
66 58
13 7
62 43
25 20
29 66
21 7
38 57
29 6
4 34
17 12
6 68
7 21
28 51
67 54
3 63
46 8
2 19
36 7
62 17
42 70
59 60
72 53
52 46
44 14
52 19
39 44
14 21
68 53
42 42
6 58
34 43
25 68
20 62
44 57
40 62
37 55
52 17
29 9
54 67
70 48
58 34
34 43
5 49
70 65
33 56
55 22
33 28
27 61
32 35
36 6
5 59
16 48
26 51
36 64
61 42
67 27
6 15
17 64
42 56
21 33
40 15
15 27
42 58
45 60
38 10
52 45
29 54
5 49
67 57
38 5
9 17
67 15
64 10
69 12
47 2
42 4
46 70
20 33
11 45
30 1
61 51
69 71
72 49
68 9
49 59
18 61
58 10
71 45
15 11
45 38
26 23
44 51
44 4
64 63
53 13
23 59
30 62
38 4
61 10
59 49
66 32
32 59
15 43
22 5
28 18
1 7
44 55
51 30
18 27
51 46
64 18
31 58
42 43
55 51
54 19
12 72
70 2
49 21
2 62
57 7
55 7
57 30
61 27
31 44
48 66
4 45
44 12
70 55
55 42
41 45
57 27
54 6
47 72
36 35
25 18
15 58
56 42
38 4
20 9
65 69
61 33
35 21
25 36
44 50
29 51
10 1
71 42
50 13
36 50
65 6
5 63
64 14
63 19
39 72
27 2
24 18
3 72
8 45
22 32
34 66
14 39
69 64
40 24
38 51
12 32
17 54
62 5
52 52
59 3
4 19
32 71
29 35
32 15
68 54
28 65
55 72
56 60
63 65
60 37
69 24
40 50
19 58
43 52
36 60
22 32
70 21
20 46
71 71
37 62
54 16
51 56
19 28
69 19
18 37
10 33
20 61
40 33
71 3
70 20
55 37
6 11
28 29
23 25
30 7
58 70
30 26
35 51
71 4
35 37
21 67
68 68
69 26
20 19
61 24
13 37
5 48
4 53
62 44
41 30
34 50
54 69
37 20
4 60
26 11
26 9
25 68
72 30
55 14
51 1
30 10
9 47
47 36
31 69
69 41
49 71
12 41
3 52
18 47
45 42
68 7
44 38
20 16
39 47
66 66
70 12
1 25
18 50
60 34
9 10
16 61
57 43
51 60
23 60
5 3
64 4
6 25
39 30
64 62
56 55
71 13
46 58
62 4
48 46
20 17
24 70
55 47
63 17
71 66
43 3
71 56
19 52
71 56
21 24
69 15
21 38
53 72
65 69
62 59
58 20
7 58
30 56
51 48
12 27
1 19
55 59
62 44
39 41
39 21
12 43
66 50
12 21
44 34
