92 1868
65 15
75 83
1 5
87 77
67 75
42 65
14 73
76 23
73 92
62 85
87 68
10 88
90 11
43 48
64 7
87 48
26 36
15 76
5 22
31 42
38 50
62 78
14 54
24 21
77 30
58 73
26 32
82 11
36 63
65 32
60 76
24 16
75 69
54 32
30 50
34 3
50 81
83 32
5 21
33 6
46 34
18 15
15 47
18 33
5 84
67 66
20 70
52 26
53 56
91 7
52 75
17 4
82 45
68 79
87 37
60 4
19 74
19 57
33 66
30 31
13 45
61 12
70 46
9 7
15 81
47 49
44 74
35 90
19 37
35 87
48 27
29 88
8 87
72 73
13 20
50 17
46 42
85 4
44 72
87 6
38 49
19 30
33 41
38 11
27 34
6 8
9 34
92 71
74 52
68 41
61 38
9 84
50 41
10 12
58 43
64 74
89 24
92 14
55 72
16 28
13 63
26 34
52 67
17 88
64 70
42 36
7 16
68 74
32 23
67 50
70 19
34 33
64 25
69 90
83 90
38 34
69 49
82 41
44 85
75 42
90 36
23 65
27 13
79 5
49 55
49 29
66 13
79 10
15 1
65 76
20 48
16 11
48 12
4 54
10 45
47 11
4 60
43 22
27 9
62 59
36 35
32 21
69 65
45 72
87 43
15 77
26 77
14 69
61 83
82 87
20 39
49 22
31 58
66 38
37 13
49 54
69 51
20 78
24 71
57 57
59 16
32 38
10 30
20 22
57 63
65 90
29 30
73 75
74 76
75 37
1 45
87 4
29 28
8 44
66 17
50 80
67 19
4 1
75 79
17 12
30 91
13 77
18 10
62 30
70 67
32 91
41 45
70 51
10 78
45 47
67 10
86 9
80 65
55 80
73 7
6 54
86 68
38 14
70 17
38 11
34 9
55 48
31 7
40 42
7 56
48 55
31 44
51 52
37 62
85 89
21 11
75 28
88 65
28 71
33 48
63 78
46 34
25 72
38 22
26 57
41 38
75 60
79 3
78 17
66 45
77 82
5 6
52 14
69 39
62 46
55 58
2 19
34 50
90 60
47 48
84 36
34 42
86 46
66 45
23 21
4 54
52 42
48 89
85 60
80 70
41 2
37 85
23 2
7 60
66 82
53 41
85 91
45 73
47 82
73 15
46 42
13 42
6 9
55 15
13 62
37 89
41 75
86 89
2 16
36 72
20 83
60 18
6 10
14 22
52 30
50 20
91 89
60 89
63 58
8 29
14 56
57 81
22 68
59 59
58 91
41 23
73 76
8 51
40 13
6 87
19 83
83 65
69 50
34 79
63 47
18 62
14 30
91 77
72 27
38 55
80 32
7 37
29 3
90 71
81 12
12 72
6 90
8 5
45 90
29 82
66 7
70 31
34 20
31 54
70 63
85 88
49 88
73 73
52 78
5 7
41 59
8 34
82 13
4 10
51 19
48 25
31 70
34 76
61 62
17 7
41 85
12 75
31 61
75 80
50 91
74 75
62 82
7 77
74 70
78 32
87 3
4 34
47 41
8 12
21 41
38 89
77 19
5 35
34 81
82 57
15 12
75 57
67 58
36 80
32 88
21 52
13 85
43 9
70 66
84 20
4 83
85 75
30 50
82 1
64 59
41 53
82 92
14 12
39 69
3 20
86 38
42 78
24 92
7 12
32 58
8 63
71 13
14 34
36 2
6 16
63 14
24 91
72 86
59 6
23 77
65 28
53 10
27 81
26 70
32 88
40 29
46 54
66 84
82 26
34 59
74 45
48 92
32 92
57 64
32 12
15 88
56 29
1 23
8 2
41 46
25 32
24 60
14 24
29 27
72 6
6 46
85 64
83 68
48 72
53 57
47 61
54 36
79 27
18 13
27 68
17 4
34 5
10 85
86 50
48 49
17 87
42 85
79 60
44 26
92 66
51 13
56 58
14 19
79 29
31 92
46 28
68 4
79 10
63 82
84 80
22 84
71 4
11 34
61 34
67 2
16 22
37 56
65 10
53 79
70 47
50 44
80 9
61 46
45 33
23 77
67 29
4 63
12 78
33 47
73 89
71 36
13 2
29 58
80 78
40 87
35 38
29 13
66 92
75 38
79 6
13 32
44 54
46 57
32 52
19 74
82 34
37 12
78 83
84 83
52 17
87 67
7 70
5 59
54 77
67 72
69 66
71 38
78 2
44 32
17 27
87 26
73 44
5 62
40 44
50 36
66 72
74 15
4 90
22 7
62 35
69 12
15 45
39 86
13 69
46 59
73 15
7 83
92 28
59 10
81 3
58 11
1 23
49 19
80 67
7 39
70 67
65 74
26 10
14 70
58 81
7 42
47 31
32 64
54 61
83 5
7 68
78 5
85 77
87 75
59 20
78 56
37 8
66 91
13 18
20 13
75 12
65 69
64 68
82 59
55 32
80 25
22 44
20 23
50 7
81 87
59 18
81 91
71 59
26 81
29 68
88 39
3 2
2 60
51 41
8 27
16 85
72 3
8 3
81 31
5 44
59 83
18 89
9 90
44 3
75 61
65 25
12 4
91 4
91 76
92 59
52 12
68 71
73 44
23 48
49 67
9 17
1 91
44 80
90 11
9 49
54 68
41 21
2 32
53 14
51 19
43 77
44 50
59 67
8 50
63 76
24 5
7 57
39 4
15 11
51 92
41 81
63 72
1 51
63 27
52 39
92 74
25 12
69 17
34 8
45 19
34 62
65 83
77 33
44 16
1 32
58 31
28 10
46 19
22 71
67 37
4 84
4 86
81 43
3 14
76 27
43 86
62 79
58 24
33 68
37 52
70 16
49 7
67 80
38 4
91 26
46 59
18 56
56 53
60 19
34 7
33 51
75 62
42 34
13 3
19 71
10 65
16 46
33 7
65 29
28 78
45 32
84 3
29 92
68 53
72 68
65 21
42 85
30 9
43 40
55 22
81 38
27 85
53 20
54 61
62 46
32 3
74 88
24 82
57 47
28 8
63 45
37 73
78 65
22 62
88 13
56 28
33 36
60 6
72 10
40 4
62 78
66 30
36 91
11 41
59 66
92 12
57 87
51 1
81 2
27 21
65 88
91 21
3 10
48 43
46 49
2 48
66 79
6 43
51 1
69 90
30 29
43 20
48 89
56 39
63 57
7 70
35 38
30 89
37 67
85 43
70 65
34 61
81 77
79 34
85 44
78 7
22 87
66 63
66 28
15 41
77 81
72 69
88 6
83 64
85 68
13 56
28 21
6 87
36 53
83 87
20 23
46 50
19 84
5 7
51 83
91 73
78 91
12 66
30 49
55 50
46 37
61 53
52 21
55 43
66 91
72 42
28 80
92 89
34 14
40 83
33 71
71 38
31 6
25 61
81 90
62 80
73 57
85 6
79 55
17 63
11 70
55 15
83 56
85 31
87 78
43 35
6 44
40 15
2 67
52 10
48 26
27 12
69 8
48 71
44 20
11 80
43 6
40 47
43 26
5 68
84 19
37 79
5 85
90 18
26 65
44 22
79 48
20 3
70 43
35 68
71 83
87 18
39 5
46 84
71 23
84 32
7 79
16 83
27 87
73 50
48 49
15 67
18 1
83 6
60 6
39 33
89 58
67 70
66 89
79 15
44 38
54 23
59 22
90 51
83 81
77 47
46 19
67 42
50 85
5 39
4 88
46 46
25 41
44 82
52 18
17 65
69 84
6 13
40 9
4 79
65 44
89 77
19 62
25 12
22 15
26 56
29 34
92 67
87 73
54 36
86 57
1 76
42 52
38 42
7 28
5 52
21 79
27 76
7 79
37 55
46 76
70 15
88 59
11 41
88 14
32 55
7 49
15 30
91 55
84 66
71 62
35 4
64 47
57 20
79 29
63 9
7 7
52 10
67 24
2 34
39 79
28 26
47 67
86 29
41 41
9 81
17 47
16 4
45 75
79 77
2 21
30 76
36 57
2 92
48 1
64 24
48 61
80 47
51 43
92 27
55 37
20 59
67 69
69 45
37 4
91 56
48 6
36 2
37 50
90 76
15 41
26 77
88 31
81 21
86 40
71 35
54 16
11 28
27 86
54 85
2 46
80 63
21 57
67 22
70 73
53 64
6 72
8 3
10 66
23 44
16 91
80 37
52 29
48 85
81 54
27 74
18 48
69 15
90 26
32 80
60 66
75 11
87 64
49 24
50 1
10 52
37 23
19 60
83 57
36 72
35 78
44 18
85 63
75 37
50 8
23 92
86 66
55 1
57 42
7 42
20 13
14 81
50 77
64 14
75 7
39 11
79 77
4 19
37 86
74 75
42 4
83 18
33 21
71 6
17 33
56 20
85 54
14 83
71 29
50 66
34 84
21 68
88 29
8 40
64 70
2 11
81 25
42 34
76 6
49 82
46 70
49 89
60 47
87 18
2 2
75 32
78 4
74 21
71 11
44 45
22 50
14 68
83 4
62 72
11 54
46 17
4 20
22 15
86 77
25 54
21 12
77 21
18 86
49 37
75 25
56 74
57 3
76 65
36 52
76 32
82 4
18 84
8 17
23 69
57 75
72 91
19 40
73 47
23 86
84 91
84 7
76 47
31 65
50 92
1 34
92 78
74 21
64 69
89 73
8 31
27 26
15 53
8 2
62 83
32 58
73 17
74 89
43 20
3 67
49 28
77 85
69 34
50 45
62 1
15 42
68 21
52 41
20 9
41 85
90 53
49 71
56 6
18 13
35 21
54 62
73 25
69 35
29 65
46 63
62 85
70 49
80 35
3 5
85 81
9 30
43 38
3 4
67 14
19 30
78 62
19 89
1 11
35 25
66 41
55 55
45 71
11 4
72 9
48 22
51 67
16 5
11 8
40 43
49 49
10 30
33 63
74 41
91 90
29 45
45 36
8 34
59 13
65 27
40 48
79 47
22 57
67 32
92 29
19 12
77 67
22 69
15 68
43 89
81 70
55 51
42 60
41 80
36 29
24 66
24 42
9 84
18 33
69 90
34 43
13 16
32 64
51 65
82 46
79 42
72 11
47 22
57 19
15 61
51 37
29 64
63 20
56 39
18 74
18 57
43 56
8 87
78 12
13 3
40 55
25 3
16 73
75 15
26 31
53 79
66 20
59 85
10 75
31 45
55 83
87 42
62 70
67 60
47 76
17 26
34 80
22 81
25 57
19 66
52 18
7 29
59 29
31 6
9 5
3 61
29 34
91 24
78 47
42 23
38 90
74 51
84 14
72 36
78 77
73 54
68 39
82 5
35 22
51 23
64 72
2 16
92 46
70 28
16 22
18 6
65 51
52 29
86 55
29 75
25 42
31 39
54 46
41 47
17 6
41 35
55 14
11 1
80 47
45 73
92 79
66 11
86 88
92 10
88 37
25 15
56 9
48 2
46 23
64 92
83 13
20 47
89 49
79 14
81 81
91 40
73 86
74 30
66 43
49 74
89 67
38 71
64 84
13 59
19 46
11 80
7 7
37 74
76 8
41 91
50 16
32 32
81 51
59 60
53 78
23 6
74 85
22 52
52 49
85 89
71 7
67 2
3 4
55 85
74 46
73 74
56 64
72 46
34 42
52 40
6 68
74 2
71 78
69 61
34 58
20 65
4 90
19 83
41 32
50 27
64 29
91 36
23 49
88 74
65 83
41 67
35 64
31 37
76 4
73 7
40 17
74 74
35 67
28 46
9 32
23 45
58 20
48 12
63 31
87 71
14 14
19 29
50 68
5 72
53 18
72 2
4 5
56 81
56 46
68 4
61 14
29 19
3 23
63 83
80 19
57 54
41 59
25 45
32 87
89 30
9 32
41 69
16 34
41 62
51 59
13 25
20 15
88 56
60 10
76 64
29 27
59 66
14 91
23 88
45 61
78 32
46 50
69 69
80 16
25 80
31 3
91 60
65 16
48 45
22 17
92 45
43 80
84 8
12 56
13 57
5 74
68 58
14 92
43 65
42 71
45 11
10 92
84 50
33 67
26 85
31 49
70 30
90 11
29 23
24 44
56 25
63 82
75 83
86 87
87 18
57 67
24 52
86 56
58 30
56 30
57 29
43 48
2 60
38 75
28 84
66 33
79 8
88 49
48 79
81 69
17 31
40 48
2 43
8 81
17 72
74 47
17 92
32 67
85 55
83 59
59 35
46 37
27 25
76 39
6 31
1 91
54 73
8 6
32 63
43 65
27 54
78 12
55 43
13 82
54 2
28 81
2 71
8 66
91 24
75 32
85 75
60 38
81 71
89 77
5 85
45 42
38 54
81 84
82 45
61 38
33 46
67 84
83 76
71 42
51 19
33 16
82 2
11 84
31 50
18 85
53 45
92 18
29 80
12 62
82 59
21 33
39 58
30 47
80 71
33 8
27 71
26 4
60 49
82 23
82 38
77 47
29 90
49 76
1 37
33 80
64 89
89 77
47 39
62 84
40 56
24 7
20 50
13 74
3 80
53 45
21 66
88 61
84 12
56 52
61 65
68 45
47 26
44 68
33 84
6 22
84 59
53 9
77 60
83 87
28 46
56 84
45 19
84 68
90 76
81 14
89 75
51 89
75 7
4 48
53 34
20 81
79 26
3 13
34 69
56 4
46 3
38 70
52 44
9 17
35 22
76 61
45 31
84 60
65 23
51 24
28 85
50 45
73 28
64 63
68 80
48 35
69 36
36 29
1 50
15 47
72 13
84 64
46 87
53 30
36 35
54 52
33 84
53 42
62 3
86 23
34 41
59 66
62 57
86 32
84 24
58 45
56 90
38 60
55 44
72 48
76 75
33 20
85 8
49 72
7 43
86 45
4 57
48 80
56 49
24 43
81 67
25 1
84 88
10 58
25 49
37 32
42 34
36 75
35 80
22 36
15 38
80 86
87 68
60 68
19 57
50 42
37 7
25 62
75 56
68 6
47 36
34 47
72 76
35 15
11 25
20 84
83 9
84 84
82 49
67 16
51 12
43 25
28 75
34 4
85 70
20 4
77 21
45 13
29 86
29 35
69 90
54 73
77 55
18 12
25 57
33 55
1 27
49 4
40 32
4 82
86 77
37 65
75 85
92 59
10 68
63 56
66 8
17 20
91 5
77 87
44 91
50 33
20 90
34 67
63 9
31 58
15 85
49 27
2 8
61 27
33 37
89 88
1 67
85 55
13 90
58 19
56 16
33 50
69 76
87 58
12 7
78 83
79 67
70 71
5 17
49 47
49 6
87 68
58 38
42 28
61 12
77 89
40 55
72 78
26 41
3 38
36 73
86 9
50 55
41 10
4 69
31 69
50 30
5 56
26 17
76 9
53 83
18 10
73 22
17 81
14 86
8 49
21 48
48 81
49 60
38 55
60 79
9 11
69 70
66 5
48 78
58 64
29 16
57 77
29 38
17 48
66 47
92 60
45 19
5 13
67 47
72 17
51 88
33 8
9 66
47 81
24 78
38 80
39 87
13 33
83 65
72 65
64 15
32 40
48 19
72 82
76 20
80 18
44 19
8 84
62 1
92 9
10 8
22 77
53 91
43 8
84 51
5 29
3 19
32 3
49 52
60 4
88 58
87 25
28 77
14 38
45 71
5 34
67 57
39 51
19 85
27 53
10 71
45 60
27 23
80 43
68 5
76 88
64 37
39 82
89 86
59 4
45 70
34 3
54 8
32 37
63 56
25 36
24 82
29 87
61 78
40 66
69 91
37 80
84 46
36 64
54 89
51 13
38 31
26 23
36 91
75 65
47 69
53 41
46 15
11 60
39 48
3 30
1 21
19 14
34 77
84 65
60 43
57 13
41 49
75 52
48 34
46 78
10 75
14 44
61 51
39 33
76 26
46 42
31 64
42 36
60 41
49 52
30 91
90 52
49 73
23 13
34 79
30 61
65 39
14 69
24 6
15 33
1 8
89 90
67 31
9 28
41 63
73 74
12 14
30 19
82 70
83 78
66 67
11 80
54 45
91 16
15 23
13 83
72 77
68 22
81 91
62 77
18 78
2 21
74 11
25 68
65 90
35 19
33 81
9 12
3 64
86 1
10 35
39 61
64 86
7 26
18 20
23 79
89 51
37 34
85 71
75 44
68 13
42 40
10 2
52 65
8 21
67 64
50 9
87 82
38 50
21 90
54 9
61 29
40 2
37 53
56 1
63 27
22 25
66 21
14 89
63 72
20 35
85 2
39 10
22 38
5 14
28 34
75 27
44 41
83 42
32 50
75 30
35 46
32 27
5 58
31 64
7 23
47 7
54 21
19 13
51 61
45 33
62 62
79 29
59 66
36 31
92 90
35 6
53 27
48 46
80 19
39 39
36 76
45 20
36 26
8 15
52 15
82 84
20 86
65 68
80 32
9 91
14 67
91 72
82 32
89 83
79 92
46 55
18 69
91 91
48 90
85 31
59 32
49 47
89 6
82 63
21 15
74 27
50 63
79 69
61 3
47 5
49 69
