47 381
24 4
11 41
13 25
34 44
8 17
37 29
14 11
42 7
1 41
42 15
17 5
46 30
37 6
31 15
20 13
26 36
38 20
32 14
2 11
47 12
31 37
23 24
38 8
31 26
25 29
39 26
40 1
11 45
45 40
30 29
21 40
29 25
11 22
41 38
38 39
22 9
12 21
47 11
45 47
7 37
26 19
18 29
36 26
22 38
39 47
37 35
13 7
3 28
31 24
23 27
28 40
1 14
14 10
34 39
19 27
13 1
8 24
8 41
27 23
37 26
15 35
13 39
38 46
21 26
8 8
7 21
29 8
36 4
16 36
34 4
15 45
39 1
12 15
14 44
17 32
33 5
43 9
3 45
13 26
45 7
8 35
37 47
47 23
3 32
7 45
34 20
47 18
39 26
6 30
21 20
6 35
30 26
28 14
27 20
14 31
40 8
36 1
22 3
38 11
42 46
35 15
40 11
42 43
35 45
15 20
19 34
37 24
8 10
42 43
13 15
45 3
17 16
3 4
21 16
39 32
34 32
38 47
31 31
38 34
40 9
40 13
15 46
21 34
46 35
14 18
40 33
34 8
3 46
42 42
11 23
2 2
18 31
18 25
10 14
31 40
41 35
7 6
29 8
23 10
25 2
11 35
30 20
19 41
12 39
17 4
17 37
4 36
2 45
23 3
15 3
43 32
10 45
13 7
8 1
41 43
17 16
2 4
10 26
15 45
45 26
7 10
19 11
19 11
37 39
19 12
41 6
46 20
39 34
16 38
42 33
13 28
3 14
1 20
45 5
16 43
8 4
15 43
18 3
43 33
2 36
38 11
19 37
8 28
39 43
42 15
23 43
44 8
47 17
46 21
36 14
12 42
45 13
38 41
46 16
36 41
19 5
33 32
14 8
47 1
11 10
3 24
35 26
18 29
40 43
24 36
22 44
39 26
21 10
35 42
40 1
25 46
17 26
29 4
25 36
30 18
28 41
17 25
23 16
44 1
2 8
42 9
1 47
35 39
7 16
6 42
6 42
20 27
46 1
28 3
36 13
12 4
3 7
35 10
7 44
30 14
44 26
26 34
45 14
20 26
30 33
34 19
10 26
15 9
38 46
42 43
11 46
25 26
39 3
19 3
38 38
40 25
13 11
5 36
4 36
29 22
26 33
14 25
41 7
30 27
19 26
10 20
33 5
34 46
5 12
46 33
19 3
23 38
20 17
3 32
21 28
19 43
34 9
22 47
45 31
10 40
38 6
22 13
5 16
17 1
10 15
33 20
42 33
19 9
21 6
2 3
14 14
11 29
20 27
38 30
8 10
44 6
30 11
21 47
19 23
26 8
9 13
5 20
22 17
26 36
18 31
31 39
35 39
13 36
29 21
31 19
38 15
30 34
28 29
7 12
31 47
35 42
2 33
44 6
46 32
32 34
17 32
11 44
35 14
30 18
29 6
32 23
10 6
44 32
46 30
30 47
25 41
15 40
33 45
18 15
32 40
12 15
42 24
2 24
13 38
8 13
13 22
41 28
28 14
26 15
8 35
36 20
42 24
8 32
10 1
29 22
32 5
3 45
8 41
13 14
35 12
1 2
37 8
17 43
37 17
44 30
46 33
33 2
43 24
7 39
39 1
17 40
16 17
21 23
47 31
3 35
30 24
36 19
12 8
21 24
21 18
16 17
37 17
45 13
46 11
40 5
2 24
21 44
12 40
40 30
12 44
14 28
