25 82
5 21
21 9
1 12
21 12
12 3
11 1
24 12
13 14
18 1
9 25
1 5
4 3
2 5
21 24
17 14
25 21
17 16
17 9
13 20
22 1
11 11
7 9
20 6
12 24
23 24
16 23
13 6
15 14
1 11
19 10
18 1
2 14
2 3
20 22
22 20
10 5
17 3
23 14
12 15
7 18
20 2
4 9
9 4
16 10
5 1
19 13
1 1
17 12
8 7
15 7
2 6
6 19
22 4
2 20
4 21
6 6
10 13
14 25
16 3
10 23
7 9
11 6
22 8
17 12
10 19
15 2
12 7
14 22
20 19
14 16
15 7
4 24
24 11
13 9
8 8
3 17
19 9
4 23
18 2
11 19
2 3
25 6
