69 343
52 33
19 62
15 5
19 9
13 9
20 51
60 26
21 27
27 4
25 6
47 62
48 48
40 39
18 49
1 15
14 14
9 40
28 20
53 22
19 12
45 44
29 56
54 63
28 13
37 23
41 15
21 49
18 14
10 44
37 39
1 44
57 4
66 48
60 1
4 22
58 44
10 62
68 25
14 67
39 9
7 25
11 54
34 35
10 28
62 34
39 2
13 7
54 29
30 5
53 8
65 40
64 54
5 69
26 15
44 7
38 5
11 52
55 1
26 21
46 21
67 15
65 25
7 43
41 64
18 64
21 39
15 8
9 61
58 48
30 49
58 56
40 47
2 68
13 25
19 2
54 46
44 50
28 3
36 30
40 27
29 59
67 52
40 17
62 44
65 52
65 58
20 16
2 58
29 17
39 14
35 23
9 41
46 31
3 32
63 23
45 59
31 53
35 51
67 53
8 25
22 63
5 2
56 53
35 32
51 55
14 12
9 67
20 13
29 68
9 23
2 30
46 4
40 17
48 68
60 31
46 66
49 15
14 36
64 69
64 51
57 43
39 64
35 18
20 49
49 41
2 12
14 1
64 28
16 47
53 61
66 61
9 61
3 20
63 67
69 16
20 50
60 30
36 16
47 38
69 20
58 35
31 64
9 60
54 67
26 16
2 14
4 51
40 19
55 67
53 52
44 50
55 51
38 69
65 58
59 63
68 27
21 54
17 25
21 12
67 66
33 67
9 12
37 66
9 57
65 16
5 60
31 11
6 67
69 59
61 60
64 33
49 35
31 10
36 35
66 19
9 61
26 3
53 69
11 68
16 55
58 69
56 41
40 61
51 67
6 28
65 7
10 51
64 21
56 27
39 21
59 65
41 7
42 8
68 10
23 40
23 8
27 46
33 19
50 11
57 11
54 47
41 68
33 47
37 21
49 5
5 8
7 28
23 23
66 54
63 51
42 53
40 6
65 62
53 36
5 57
22 16
48 68
57 31
65 39
68 30
31 32
51 61
14 63
18 4
55 42
6 48
37 4
56 2
23 68
32 42
66 69
61 63
60 68
36 65
31 4
25 24
20 67
31 15
28 26
47 12
62 53
17 17
28 12
28 22
52 61
55 26
58 15
43 3
69 35
5 57
66 64
44 12
48 38
36 27
7 2
69 38
26 42
8 30
52 14
54 35
9 57
3 30
2 19
61 26
58 14
59 57
25 36
29 62
47 9
18 10
33 26
63 1
18 6
59 53
69 45
59 12
41 41
43 52
36 20
14 68
65 24
47 6
39 32
67 50
38 28
26 55
60 7
11 42
35 64
56 26
32 13
16 63
56 55
23 67
54 51
15 4
23 27
31 54
21 55
28 51
34 14
54 20
24 27
1 39
63 68
30 8
28 7
29 44
68 67
8 35
67 43
11 41
22 20
18 27
39 57
26 24
47 49
26 19
13 65
52 2
36 44
40 3
6 59
39 6
53 35
18 7
6 7
55 63
55 12
35 63
64 5
44 1
10 34
48 60
35 29
65 28
2 22
6 31
66 20
25 26
18 46
7 14
32 45
