52 668
11 28
45 18
1 28
4 28
2 42
38 22
45 17
30 2
14 9
26 34
39 34
39 31
44 7
32 10
33 48
14 28
19 46
40 8
30 42
2 23
49 33
47 23
2 15
27 12
15 35
38 23
49 6
7 35
45 10
28 5
8 29
6 31
39 10
36 5
10 27
27 36
29 43
44 43
37 22
21 15
8 11
4 13
7 1
26 25
6 45
40 21
37 47
32 31
10 3
5 28
24 6
50 13
22 9
48 52
38 17
27 51
52 3
36 14
45 42
52 31
37 51
19 1
49 37
50 33
33 33
25 29
37 7
49 9
45 50
17 5
42 4
39 32
27 30
42 1
28 34
45 3
25 34
22 41
15 36
24 36
39 50
10 16
19 24
34 17
5 19
33 49
24 44
7 6
29 6
33 6
27 21
9 31
47 39
41 4
35 7
8 15
16 27
34 1
33 6
38 47
22 3
33 26
13 21
32 5
35 27
46 37
2 46
11 1
50 4
24 28
14 51
28 40
52 31
43 8
39 12
9 4
48 31
45 39
19 42
10 5
44 31
45 31
18 45
28 3
6 41
11 28
35 4
21 14
32 4
26 30
50 4
18 36
40 3
52 48
36 12
28 10
9 19
26 10
18 48
20 44
48 45
5 52
10 37
3 48
19 38
14 45
9 22
11 4
45 10
28 17
8 23
32 49
32 10
28 3
14 52
27 44
50 45
28 48
51 50
2 36
46 46
37 18
41 43
10 18
12 33
47 34
6 42
36 52
15 9
37 35
10 12
41 19
35 25
18 20
35 37
46 9
35 28
17 6
20 15
44 23
48 35
18 36
50 25
41 5
46 27
51 44
47 50
45 9
16 16
52 1
49 3
46 15
48 19
31 39
4 45
29 44
25 45
29 21
32 5
15 34
15 22
51 36
24 18
21 10
15 22
13 9
22 23
4 14
1 40
51 35
33 50
41 32
51 2
19 46
16 10
42 37
12 14
9 25
26 17
7 10
39 9
19 41
41 27
6 27
12 50
37 32
49 45
43 50
51 23
14 31
51 3
33 29
33 8
12 25
48 31
24 37
4 26
44 38
2 47
41 28
35 38
8 48
34 27
5 8
4 51
8 5
29 25
17 5
44 20
38 22
10 7
47 51
7 24
1 2
17 36
20 46
25 11
18 25
27 31
25 29
6 8
22 50
4 43
50 51
35 29
49 46
12 10
50 37
7 12
18 3
19 46
49 37
39 2
37 41
1 14
24 9
22 27
32 12
18 22
8 14
17 20
18 4
27 23
47 37
4 13
47 23
7 48
18 46
16 31
2 19
39 24
46 27
19 50
9 49
50 17
31 10
31 44
9 44
18 47
16 45
47 13
40 36
1 11
20 43
12 37
37 51
9 8
50 5
29 17
39 15
45 49
51 51
36 2
34 46
25 41
47 23
23 36
12 40
2 22
11 2
12 33
13 25
31 27
26 46
13 35
4 5
26 38
47 17
4 17
48 18
5 50
16 33
32 3
8 49
29 18
19 49
10 50
52 5
26 24
24 19
38 21
1 35
25 23
28 40
44 2
25 12
25 22
21 9
50 2
32 10
22 18
39 34
45 25
28 7
9 52
21 14
20 7
22 52
22 41
38 32
6 5
39 16
5 36
12 45
14 8
36 47
46 23
37 12
42 25
34 43
41 22
29 20
3 16
31 10
42 19
37 37
16 17
15 30
50 8
47 16
12 50
48 52
16 13
11 30
47 51
10 5
33 43
19 41
52 4
24 12
48 42
40 20
22 23
40 22
10 23
20 46
14 19
15 9
20 7
34 14
15 26
36 50
29 2
29 30
10 16
12 42
12 13
5 11
19 6
4 17
52 41
12 42
50 52
15 26
2 5
18 51
42 15
31 52
45 29
25 5
30 28
24 21
47 37
10 44
51 31
49 49
17 46
34 26
47 9
6 51
43 5
47 21
33 38
44 44
14 21
4 3
15 43
32 43
4 30
36 9
26 33
17 3
3 16
52 41
9 1
37 8
34 24
36 28
15 6
19 47
47 40
18 9
49 6
44 1
3 27
3 16
25 45
38 36
9 18
12 19
5 4
3 26
40 13
42 28
48 12
52 31
24 50
7 22
12 8
28 7
45 52
7 15
43 15
44 2
20 34
39 21
10 3
26 43
20 18
29 37
49 39
47 42
49 10
10 49
13 50
3 30
25 14
43 44
4 10
9 31
26 52
25 9
25 46
32 4
14 15
5 36
17 44
28 31
39 25
25 48
11 28
6 48
47 9
4 26
1 50
16 46
14 26
14 44
52 16
18 22
18 13
34 3
16 46
34 5
46 31
34 6
2 29
1 38
52 52
39 48
8 1
32 27
9 21
5 10
5 42
20 11
29 8
51 39
47 42
50 38
36 23
6 7
51 22
44 5
39 16
17 16
8 12
26 41
49 4
4 52
20 44
38 41
34 19
14 45
9 36
8 49
47 17
40 39
41 2
27 52
36 41
49 33
10 22
6 26
49 52
33 16
51 49
44 50
29 19
17 39
42 51
20 30
38 46
42 1
36 1
37 42
35 2
38 27
40 45
48 13
37 4
49 12
44 33
17 28
31 47
5 43
46 44
30 21
46 18
2 28
9 1
32 45
13 23
43 14
21 37
43 22
34 10
4 6
42 25
38 42
43 44
10 39
6 6
41 38
22 44
30 17
14 52
26 52
5 1
1 50
6 35
20 41
51 22
13 28
18 5
31 36
21 17
31 13
13 34
38 41
46 9
52 21
18 26
32 51
40 20
28 11
6 7
8 18
48 13
26 17
23 4
20 50
50 15
30 31
44 27
5 2
26 36
17 16
30 12
10 50
33 39
4 14
37 16
28 46
45 7
41 8
29 47
13 52
5 38
9 51
41 34
34 9
11 30
48 18
52 14
47 1
4 7
17 25
43 42
11 51
39 31
11 19
12 21
37 38
42 33
29 28
19 42
17 7
12 23
47 20
35 19
21 32
25 32
18 13
25 15
12 46
42 50
12 5
