90 2647
8 16
24 50
12 16
83 64
89 68
37 74
46 28
24 85
52 57
7 30
60 73
76 27
82 59
72 81
14 54
29 53
64 36
65 5
71 29
7 14
2 37
37 65
68 50
87 32
25 22
61 28
15 15
60 52
68 65
9 75
16 56
37 90
90 70
72 61
4 51
60 81
90 89
51 66
69 64
73 13
60 9
47 22
13 77
44 83
78 64
6 14
53 57
48 48
33 8
82 45
41 30
84 30
54 28
73 74
39 84
9 79
78 20
14 11
58 49
27 27
78 86
53 59
64 81
16 66
37 55
39 13
49 60
16 2
67 66
90 40
35 54
21 48
75 86
75 88
49 19
45 89
48 64
43 34
44 86
23 80
44 73
56 37
52 55
49 76
57 72
87 37
20 44
8 28
33 9
74 50
70 30
9 49
15 81
39 72
4 71
82 25
71 53
51 72
76 68
5 19
20 57
26 60
41 79
70 6
1 57
11 74
73 52
4 6
39 71
90 57
19 80
4 12
42 30
33 62
34 17
54 68
35 55
34 79
30 29
2 60
41 14
59 1
31 21
6 87
36 67
46 16
68 78
39 13
43 56
75 36
15 11
77 51
72 35
55 80
87 66
59 55
90 48
29 2
57 60
77 83
29 81
23 90
28 86
66 48
68 51
79 15
11 35
31 17
1 19
30 88
54 34
19 72
4 81
70 68
7 89
6 17
13 47
45 88
39 48
40 62
84 50
80 72
74 87
75 43
42 49
34 59
1 87
17 20
75 83
51 71
71 25
2 19
74 25
28 39
39 58
85 53
58 27
53 42
4 45
44 42
44 23
89 10
12 51
75 56
16 49
22 2
76 31
18 80
6 21
40 9
50 34
43 40
44 7
24 74
13 54
48 85
36 63
84 56
47 54
36 75
19 11
1 56
6 13
51 54
54 85
73 3
79 44
31 74
62 46
20 55
44 61
21 63
13 33
81 79
78 84
3 16
62 45
15 22
35 10
21 76
76 17
3 66
55 79
46 70
48 29
50 15
28 24
42 17
70 37
53 13
49 63
64 23
23 59
65 65
29 2
24 68
26 13
62 83
32 89
75 49
17 90
26 21
69 20
12 12
4 20
29 81
1 44
14 19
39 13
56 50
43 2
31 59
12 43
21 85
8 39
9 2
51 7
33 73
61 3
2 44
64 42
56 81
19 27
14 45
67 75
62 38
14 52
15 32
49 90
71 17
33 51
88 26
46 52
39 23
6 33
68 72
31 30
56 56
36 24
22 76
29 81
63 36
68 66
28 3
46 6
65 60
60 56
90 66
79 10
25 34
47 30
62 86
38 37
37 45
36 25
87 41
49 1
13 2
39 52
21 12
89 43
87 63
39 66
44 34
11 27
16 35
62 36
34 2
19 43
5 52
13 16
60 81
29 6
44 9
25 86
21 48
58 27
41 87
74 86
79 31
80 26
66 70
1 35
86 63
86 68
30 31
20 59
39 5
56 46
6 75
3 76
44 63
27 78
86 58
86 2
11 30
44 72
14 43
80 43
58 82
70 9
6 44
24 24
41 23
21 4
8 74
45 56
5 6
27 5
19 5
87 79
37 20
6 59
52 77
45 26
29 85
57 29
62 13
60 38
64 26
74 69
55 7
49 7
75 70
7 13
65 5
58 81
54 50
74 11
87 38
83 81
76 57
21 76
75 71
63 49
5 88
3 13
52 87
42 25
54 18
85 60
78 73
67 75
38 79
68 82
16 25
23 48
8 84
35 49
76 36
66 53
9 88
12 8
69 16
67 82
17 5
1 47
88 84
74 75
52 36
60 8
8 79
18 81
57 33
54 40
81 9
60 86
46 86
49 71
87 73
66 76
90 42
33 10
17 39
52 33
55 55
29 89
25 81
50 10
76 74
42 5
8 48
38 20
58 11
35 75
68 36
53 27
48 16
73 5
55 45
16 35
77 41
36 43
17 58
71 61
25 34
15 34
38 79
87 37
90 8
71 30
44 66
24 77
8 72
10 50
12 74
2 89
55 1
25 63
29 57
50 30
5 62
7 57
72 29
83 15
68 67
43 45
53 1
62 64
80 76
85 77
39 53
13 84
2 88
28 27
76 59
11 43
33 69
6 32
79 65
68 12
76 23
47 12
10 76
62 22
81 67
78 4
35 14
62 15
10 33
83 5
89 8
66 51
13 76
17 59
17 19
4 44
42 48
30 31
27 34
81 18
13 62
29 16
37 37
28 10
77 49
87 29
58 57
38 54
22 63
33 86
37 17
10 78
27 47
62 50
86 64
80 58
39 86
33 69
83 39
85 38
84 17
60 61
72 22
21 84
52 43
16 90
72 60
88 12
8 56
77 61
6 59
1 19
30 44
30 84
16 79
16 27
12 38
58 33
22 37
86 24
52 40
28 73
52 80
82 66
37 62
18 2
14 39
46 80
51 21
12 84
45 69
43 19
70 77
80 61
38 81
31 63
71 55
10 3
76 38
63 22
68 80
79 3
84 37
61 65
30 72
70 35
70 19
18 6
34 18
73 44
4 71
4 64
49 8
80 52
56 25
20 66
49 67
1 75
69 36
36 54
17 15
80 41
81 10
60 12
25 72
1 78
43 63
36 8
21 48
2 56
60 86
13 60
71 24
34 58
90 63
66 34
24 37
21 50
77 38
3 77
48 20
76 28
72 47
77 13
74 82
37 71
75 4
10 74
66 59
78 27
73 79
36 48
41 32
21 50
7 54
11 44
19 43
45 89
33 52
55 41
38 42
21 13
55 64
42 35
28 59
18 85
27 89
89 84
74 3
38 62
25 40
4 15
11 88
4 89
9 46
63 79
76 89
6 11
50 51
51 1
30 21
80 1
40 24
17 53
16 60
81 38
74 26
35 77
20 36
55 2
73 34
19 77
75 43
61 35
8 41
47 46
57 88
22 22
1 47
24 5
20 19
82 71
5 44
79 47
89 74
86 6
38 45
85 12
1 45
72 9
22 49
50 22
51 46
65 8
63 67
45 30
37 56
37 7
88 10
80 73
90 78
80 65
34 70
52 65
78 73
70 81
23 56
49 83
72 19
46 90
8 46
11 54
23 58
37 85
78 51
90 37
68 23
86 62
31 26
71 4
69 64
79 43
6 47
21 47
47 39
45 1
65 65
19 51
4 89
44 57
40 28
24 61
34 25
60 15
62 54
86 9
1 57
43 25
57 63
34 58
12 18
66 45
73 41
51 19
3 11
46 40
48 54
88 25
16 56
30 52
48 65
47 3
63 65
47 71
42 83
52 88
55 75
87 19
48 33
3 5
13 42
74 20
79 75
86 10
3 19
30 1
22 65
50 40
70 15
1 15
40 36
17 59
76 2
84 11
10 50
29 69
33 19
82 22
84 74
23 56
80 37
59 54
52 47
33 17
6 71
67 63
72 43
52 40
74 66
6 79
27 15
77 44
47 57
87 90
23 66
45 47
56 90
27 21
59 85
62 70
39 54
36 16
4 11
81 7
14 37
88 23
9 5
3 73
31 61
24 43
86 20
38 87
65 6
10 68
4 47
51 78
48 90
67 68
31 56
26 78
42 89
64 47
10 27
29 58
21 26
64 3
30 11
45 42
73 16
85 53
45 6
61 51
62 87
88 3
68 45
52 63
18 41
66 24
82 30
56 27
71 8
13 34
36 77
90 72
27 90
23 66
46 55
49 23
41 56
57 63
39 81
62 38
66 46
78 48
87 8
17 28
23 1
46 44
1 89
31 25
40 1
62 14
44 74
66 77
82 56
78 14
1 17
22 57
27 8
7 48
47 66
72 71
73 26
32 87
8 63
43 51
34 58
42 41
50 49
50 55
22 76
57 88
33 90
76 88
75 31
22 13
88 79
27 15
43 47
13 45
11 38
55 62
10 4
82 52
3 5
14 6
47 55
3 25
3 50
79 78
44 8
3 31
16 40
29 14
17 69
33 28
78 82
43 76
61 36
12 78
69 12
66 10
45 67
81 32
49 28
67 57
3 37
82 66
25 80
38 89
80 43
23 7
50 46
79 86
57 55
4 77
66 63
18 24
89 18
77 1
24 22
46 29
15 53
29 16
78 81
90 10
5 34
83 56
44 51
36 8
77 64
56 63
72 11
39 10
51 45
45 32
34 45
40 22
50 43
62 73
74 44
26 42
41 53
33 39
88 17
50 64
64 25
49 75
33 31
13 72
67 48
29 81
85 73
26 6
42 26
4 28
66 25
52 25
34 61
58 4
81 57
71 70
56 7
36 1
5 36
80 72
85 42
62 58
89 5
83 81
44 57
46 60
84 5
70 35
15 47
33 51
34 53
27 42
80 32
59 26
26 81
22 80
38 78
63 65
37 66
5 11
55 27
82 19
68 2
77 51
82 41
19 54
83 16
19 33
67 75
68 38
34 65
48 31
12 59
38 68
85 51
22 50
14 67
20 58
41 71
47 39
79 90
63 71
45 76
47 54
11 30
77 24
21 14
77 72
24 22
89 77
6 65
88 34
76 47
85 15
8 29
45 58
82 23
20 40
39 32
19 37
82 37
7 8
8 73
37 9
53 21
6 40
37 54
36 12
57 66
69 10
57 89
35 43
64 61
1 10
21 83
77 65
79 56
50 42
68 82
14 69
76 77
42 16
25 17
87 78
23 79
4 43
73 46
45 24
3 77
33 63
13 6
15 42
73 28
90 58
2 61
80 30
63 50
59 23
76 66
48 68
29 57
5 45
45 2
10 8
45 16
13 51
30 76
68 18
11 63
12 75
38 87
38 86
50 8
19 13
22 74
10 50
18 15
86 62
5 80
38 18
47 89
23 46
85 40
73 75
13 78
57 87
52 85
31 13
83 56
33 68
44 41
48 30
29 16
86 7
10 9
42 17
24 16
45 38
71 62
59 57
27 88
1 21
69 21
89 61
88 77
36 40
31 4
39 50
70 45
67 8
75 70
14 8
12 16
51 81
67 53
48 12
61 53
48 12
30 49
80 79
73 64
38 59
66 32
34 82
75 46
27 26
52 60
26 37
86 41
84 65
31 49
24 37
36 67
43 48
42 26
14 19
40 42
19 57
5 43
80 69
30 70
23 87
24 50
41 73
76 13
90 11
19 40
78 78
9 82
8 67
5 18
75 64
75 81
74 49
73 82
21 45
13 31
11 45
88 77
23 44
51 55
83 50
72 45
4 18
77 54
13 47
3 14
6 61
44 9
67 29
43 53
55 10
86 74
35 72
40 34
4 90
70 60
4 16
33 17
36 42
17 14
60 80
20 67
54 82
26 49
64 2
25 71
5 86
27 75
30 4
44 10
17 23
87 40
28 6
8 43
37 28
49 83
18 20
14 54
9 38
58 89
15 20
15 10
51 67
74 57
5 78
45 57
68 39
65 35
45 14
80 70
51 46
43 82
58 23
37 88
23 68
73 58
39 62
18 51
85 41
65 63
56 20
2 68
79 30
15 38
53 38
84 66
1 31
19 21
22 32
25 32
45 63
17 19
60 79
29 39
70 46
27 13
7 49
40 57
27 76
64 83
3 30
70 28
85 32
71 41
36 77
18 59
13 44
70 44
86 23
13 59
68 70
43 8
16 47
69 86
4 43
18 33
39 69
23 9
33 59
40 65
44 76
12 19
51 67
65 81
27 81
30 24
29 43
42 20
43 27
27 63
47 1
63 88
9 71
65 82
6 53
77 32
45 49
16 61
60 29
59 19
47 17
30 64
60 10
82 64
53 31
80 10
42 53
80 84
45 89
77 74
84 86
89 7
39 52
17 5
40 64
56 38
27 82
43 84
10 53
53 82
3 40
25 4
21 61
58 17
48 47
58 44
39 66
38 88
12 5
90 71
82 44
1 3
18 20
8 20
57 36
6 57
3 84
28 44
87 21
33 75
41 46
44 75
20 47
54 46
33 36
9 54
54 77
37 73
63 48
21 20
21 89
76 90
63 28
43 5
90 47
46 31
86 64
36 8
50 17
2 63
69 32
14 71
18 25
10 90
14 75
72 77
60 50
20 69
19 58
16 45
29 19
34 66
87 21
21 18
71 4
85 55
80 11
36 68
17 44
41 30
73 36
69 48
64 39
46 54
40 21
74 89
72 34
21 13
86 42
65 89
3 52
45 89
78 30
20 47
79 76
49 47
55 74
69 11
80 48
60 86
9 83
57 20
25 25
4 24
56 26
58 86
22 73
71 68
18 68
69 25
46 80
32 3
62 19
46 52
53 8
68 47
2 65
57 19
35 74
72 6
20 83
44 4
28 20
52 29
74 71
87 72
15 44
67 57
60 70
30 42
19 47
46 20
53 12
64 21
54 14
25 8
6 86
66 22
86 39
70 33
74 1
64 83
80 15
45 24
40 37
71 61
74 79
68 62
38 3
73 88
36 71
19 5
32 19
54 31
77 65
90 6
90 56
70 25
39 48
18 42
47 19
78 54
61 34
88 46
61 55
49 57
11 61
3 90
8 16
28 8
55 41
63 82
3 82
67 57
47 55
34 8
29 64
76 55
50 70
70 89
43 52
45 50
68 86
34 53
6 43
75 84
36 45
27 62
62 64
21 2
71 90
32 30
19 73
63 88
27 17
28 66
3 67
9 72
46 42
29 53
13 12
9 51
46 19
17 66
31 16
60 5
59 47
35 60
40 66
18 72
57 81
1 48
23 54
69 35
15 5
21 30
90 67
1 90
22 16
37 59
40 78
8 55
47 36
56 26
1 10
12 10
18 74
68 68
69 85
52 2
55 25
8 49
1 4
12 61
37 31
2 34
13 66
77 6
60 8
4 29
78 3
7 86
27 5
56 4
38 64
61 60
35 71
66 12
64 15
90 36
1 12
79 32
59 4
76 85
11 69
47 49
84 76
44 66
26 26
43 45
66 37
4 54
17 75
14 50
30 75
2 46
64 26
68 16
76 42
86 42
65 55
71 11
79 33
67 33
37 30
87 55
5 4
44 65
21 87
83 52
85 78
57 36
18 83
40 14
54 6
6 77
51 38
41 37
19 51
13 17
55 56
63 90
68 67
56 81
88 87
59 30
65 63
72 7
90 45
32 55
66 20
56 87
25 24
6 20
41 20
63 77
2 74
4 6
81 4
6 69
40 25
69 36
29 89
61 78
38 84
82 47
75 72
30 5
33 59
86 85
1 84
39 18
24 74
47 15
63 13
25 20
69 35
46 47
65 76
22 41
60 44
32 7
29 81
35 51
29 33
38 87
89 17
10 73
14 25
28 28
2 19
54 27
74 41
10 11
46 58
12 81
7 72
78 83
58 7
20 43
54 56
39 23
42 51
59 25
18 84
29 78
60 86
11 66
32 78
60 77
18 28
12 59
35 74
42 6
81 21
76 84
35 90
17 28
32 1
42 69
80 83
68 30
16 64
11 47
11 25
3 58
13 81
63 55
63 81
8 75
38 76
37 68
68 56
37 61
61 87
11 80
45 71
27 2
30 65
37 78
49 90
3 81
56 15
23 75
56 73
46 82
89 28
54 82
59 52
83 48
84 16
3 44
21 56
58 15
32 85
73 61
14 52
41 43
79 87
16 2
79 71
24 48
56 75
34 81
83 72
26 30
77 82
29 66
11 46
45 52
63 62
5 85
6 67
59 41
70 59
58 1
82 11
6 13
86 80
21 32
28 32
5 75
63 40
12 29
7 31
30 54
42 40
56 14
52 77
24 32
30 81
49 16
11 85
18 52
56 9
63 48
38 48
46 33
8 82
37 24
7 9
31 48
65 14
13 19
61 64
41 9
19 69
89 23
70 24
80 11
12 67
25 82
71 34
4 37
86 28
10 76
64 18
75 51
30 32
75 24
25 11
44 88
9 65
56 13
85 73
40 31
72 32
12 45
54 6
52 88
46 53
75 90
44 46
81 68
13 64
79 83
20 52
42 50
55 57
14 46
68 54
67 27
90 83
36 49
24 9
28 36
68 47
25 69
76 8
44 87
80 18
27 22
2 86
17 88
87 62
7 7
87 88
74 28
57 52
9 63
61 47
90 37
36 53
77 52
24 60
38 23
90 42
19 43
34 19
46 51
56 48
84 83
27 59
33 9
79 11
5 5
1 57
38 4
19 51
89 44
70 9
35 81
90 26
26 43
53 10
12 4
46 80
84 71
43 79
89 76
44 52
20 78
84 11
10 71
70 50
84 55
49 54
12 72
10 84
25 13
87 35
50 60
77 29
24 54
1 88
25 90
21 34
89 6
27 24
62 37
51 2
59 50
35 5
80 15
56 6
76 16
60 32
34 82
32 45
86 54
19 90
59 37
59 21
3 75
59 25
48 23
76 5
20 42
22 36
20 43
40 45
28 22
70 65
68 64
3 32
76 40
32 7
42 28
36 34
66 60
42 20
62 68
77 59
48 56
63 14
16 63
57 69
88 62
12 46
78 25
23 40
79 36
50 71
60 35
62 32
22 37
4 10
50 1
66 64
18 75
36 84
80 7
80 43
14 3
47 6
74 19
60 53
64 57
77 30
32 55
68 7
71 31
65 67
84 19
36 3
84 20
71 16
30 36
79 74
72 34
60 17
50 61
68 6
67 23
12 83
51 23
80 81
36 30
44 83
66 19
54 18
17 24
17 27
38 60
22 16
87 82
9 3
83 3
52 27
43 23
13 24
77 20
74 40
77 11
27 7
62 5
20 74
28 77
60 23
64 25
31 49
46 45
12 17
44 83
46 26
19 22
40 58
9 41
56 62
2 38
8 87
49 14
54 3
43 26
35 40
86 4
46 10
86 6
11 41
76 55
34 38
16 22
50 46
60 56
87 13
46 69
52 51
60 36
36 38
78 12
28 32
44 20
78 42
6 29
20 21
49 64
13 31
20 38
83 59
88 36
40 53
74 46
29 31
32 81
81 81
36 40
17 25
58 26
48 49
8 79
42 7
67 80
54 15
45 58
74 36
30 20
47 15
26 9
72 23
5 32
26 62
88 49
75 45
69 15
38 66
48 18
73 10
59 51
38 34
54 85
21 25
86 47
50 47
14 37
33 44
65 66
57 45
31 30
56 76
82 17
22 75
51 65
79 56
30 35
5 65
28 61
26 37
73 36
79 39
69 74
24 46
49 21
80 17
3 64
11 53
80 8
69 86
14 37
44 39
73 29
77 38
12 63
74 9
68 20
47 23
83 85
48 44
10 57
81 22
48 39
54 22
67 74
45 39
26 65
11 74
78 70
24 1
44 20
53 19
51 68
48 59
44 74
11 56
38 9
35 45
28 20
27 64
3 76
80 24
75 26
19 11
1 51
20 55
57 69
25 60
3 3
56 63
34 84
90 55
90 7
82 83
41 29
23 30
41 86
27 53
47 22
2 38
4 77
76 32
71 35
21 10
42 52
70 69
18 81
67 63
27 26
78 18
17 45
38 70
34 36
72 10
72 12
68 77
23 4
4 90
5 33
84 33
45 17
29 66
37 3
8 20
59 85
68 10
32 60
54 18
21 56
38 78
24 60
33 20
84 18
56 67
18 30
63 63
23 27
3 60
31 79
42 4
41 71
53 87
86 13
38 81
18 55
11 89
3 16
66 33
35 38
8 79
12 30
52 67
83 27
8 22
34 21
13 44
68 55
51 31
53 79
44 64
25 67
71 36
48 25
71 80
46 40
9 29
34 82
51 41
47 34
69 25
54 46
37 84
52 82
58 33
1 70
34 85
52 47
5 6
70 80
8 32
33 33
87 20
66 79
48 24
89 69
12 3
90 24
35 53
66 21
55 34
46 47
17 87
79 15
31 61
52 27
14 13
69 38
84 22
27 32
29 79
1 21
21 28
44 58
88 52
87 68
20 6
54 86
26 78
78 90
21 75
84 30
38 57
29 42
23 22
54 90
35 36
27 85
90 8
72 78
1 71
81 84
85 60
36 24
51 90
15 83
90 3
37 14
18 74
52 68
79 52
73 62
42 30
43 31
6 63
53 86
27 22
11 48
36 66
13 13
14 73
22 1
67 58
57 7
62 80
4 49
60 90
69 67
70 64
66 22
6 10
36 86
35 41
79 77
74 4
61 54
65 57
35 83
56 74
8 90
71 57
84 2
38 44
49 81
51 49
53 3
38 39
47 40
72 14
45 46
33 78
81 82
8 64
73 44
37 74
88 23
45 85
50 27
78 54
87 19
90 50
87 25
56 8
31 31
73 60
7 26
19 78
50 2
61 90
63 3
4 44
60 24
60 22
78 3
38 2
54 7
10 77
2 77
78 15
78 72
59 44
58 66
24 11
24 79
86 50
82 30
15 72
16 16
72 37
76 25
36 10
89 31
70 55
63 24
21 80
21 61
44 62
84 35
40 89
48 17
34 2
32 24
27 28
32 24
46 50
21 32
24 41
54 20
61 72
54 13
65 87
23 85
20 59
81 34
22 15
54 57
88 31
65 34
71 80
13 24
17 8
67 15
9 75
65 29
44 28
45 67
16 30
64 78
63 79
84 25
45 76
73 45
83 66
52 43
11 64
10 16
13 12
4 71
72 66
51 48
62 75
84 33
33 45
15 42
62 66
64 69
46 52
20 55
3 89
38 70
29 41
1 63
48 70
37 71
37 66
5 17
70 5
26 11
83 26
27 67
67 38
47 17
57 17
65 64
22 12
49 60
51 7
15 37
40 70
21 83
62 85
12 87
77 34
75 4
20 76
28 33
36 85
64 88
10 85
35 35
21 54
26 18
58 79
79 75
56 19
62 60
9 83
57 78
3 42
63 67
68 61
49 11
80 51
18 21
88 50
67 21
41 16
52 63
39 66
41 28
4 30
74 48
39 36
28 43
40 15
81 33
68 58
17 31
48 67
13 21
17 83
45 53
43 12
36 72
55 48
78 85
20 5
50 47
77 51
51 51
87 78
34 25
22 24
12 66
40 39
36 59
65 47
9 65
53 79
60 53
63 87
12 1
73 39
60 12
62 9
73 27
24 41
78 2
28 89
37 27
48 14
60 57
3 16
82 63
85 49
10 39
16 73
88 34
3 6
86 12
17 76
39 26
81 86
6 81
60 87
56 36
53 39
47 60
81 73
9 61
59 24
19 17
17 26
21 87
35 74
78 55
27 9
51 41
51 79
47 28
23 57
50 83
37 42
53 43
56 18
77 24
49 72
54 88
11 7
39 36
80 1
77 5
81 68
24 7
48 4
51 10
44 67
56 86
58 69
9 29
62 7
15 50
53 23
36 37
75 7
89 42
67 27
24 39
60 59
35 83
7 77
44 57
1 40
14 3
61 7
36 69
23 60
77 85
35 83
87 34
37 56
13 33
56 64
25 7
41 36
64 3
24 68
41 39
90 28
53 11
86 53
57 82
36 69
51 15
45 72
32 20
51 45
22 64
37 49
81 46
58 74
2 66
13 78
43 43
87 26
79 45
49 5
62 81
89 29
4 24
39 89
50 61
88 82
31 50
78 70
11 66
61 3
74 8
57 44
49 24
69 58
19 81
59 26
41 45
85 58
67 69
37 8
31 54
22 17
31 16
41 30
61 29
71 60
40 11
44 36
28 32
48 4
32 14
22 58
68 79
2 51
86 58
65 82
49 51
65 14
2 27
48 2
28 75
12 60
20 41
19 71
44 79
6 50
4 76
9 83
8 43
58 21
80 14
33 80
53 39
62 28
18 87
31 40
50 52
64 39
37 84
40 3
59 48
8 51
6 69
6 17
9 2
38 14
66 70
28 62
10 25
43 89
37 73
24 12
82 89
40 48
80 5
49 12
8 85
25 83
71 87
55 78
11 73
52 18
38 63
31 26
32 56
85 20
89 49
9 52
49 3
12 10
66 30
59 24
8 41
5 65
58 6
23 82
25 37
36 61
73 22
12 23
40 43
12 47
36 45
81 84
69 89
25 54
57 89
10 88
83 65
78 58
73 89
32 33
71 71
79 15
58 8
29 30
