91 2132
49 1
76 68
64 75
25 76
63 43
85 90
54 5
4 90
6 66
9 66
37 9
58 19
59 26
47 73
11 7
19 74
83 36
11 18
89 50
9 17
38 9
88 6
24 9
26 84
23 78
8 90
16 44
43 2
16 42
21 4
7 54
77 5
27 8
11 67
86 45
89 77
40 8
69 27
57 77
8 45
24 38
45 3
44 5
16 35
19 23
86 66
64 32
23 14
35 49
63 44
42 1
21 31
10 30
64 67
68 74
38 84
67 45
26 69
37 86
40 57
33 17
43 36
90 82
49 12
70 47
83 28
46 67
47 35
44 74
37 6
50 21
42 85
60 37
58 43
9 20
79 8
62 81
43 32
20 53
90 14
54 3
18 84
52 50
81 10
55 81
86 70
56 7
60 29
4 72
90 67
76 52
58 31
38 24
90 78
84 37
18 60
16 27
20 46
6 59
29 57
74 9
36 75
36 79
72 20
39 40
23 23
49 64
83 29
4 44
38 30
76 40
84 45
5 63
71 33
83 27
31 60
61 23
20 39
82 28
70 79
36 55
34 3
10 54
25 25
14 91
26 66
91 81
40 40
84 16
85 27
13 20
52 77
11 32
90 14
19 42
77 91
86 50
43 25
53 46
43 43
78 49
34 6
54 43
80 82
87 46
15 91
12 29
71 30
17 69
76 46
71 38
31 31
18 82
21 46
56 11
51 70
32 85
64 63
16 84
2 19
30 7
7 64
31 66
23 29
21 86
74 44
11 62
16 2
53 51
24 45
69 91
70 83
16 32
59 7
51 30
51 14
54 28
44 72
61 78
37 35
83 65
38 25
20 82
21 44
76 56
52 25
6 18
65 8
89 24
69 22
67 9
52 68
58 86
42 80
18 28
75 31
10 16
19 35
17 4
67 25
66 31
38 6
63 8
11 68
69 38
75 88
78 68
47 13
40 4
51 65
23 90
39 13
67 57
24 39
43 36
5 13
40 43
26 35
1 9
85 45
59 49
82 72
49 14
85 68
30 68
25 54
33 2
33 5
36 55
63 36
48 27
89 22
50 82
1 85
74 6
53 24
26 85
28 16
51 28
56 43
65 44
41 76
36 77
2 65
46 72
90 37
37 53
41 90
53 51
42 70
9 80
39 24
40 6
55 90
72 55
68 13
50 17
21 7
28 7
5 79
4 42
67 89
17 5
69 82
42 84
88 9
82 1
36 70
80 45
56 18
64 56
54 85
72 60
5 21
52 64
30 45
86 67
83 75
26 2
21 71
37 56
89 50
70 75
37 59
84 24
23 24
57 18
61 48
72 22
41 24
71 63
13 85
72 16
68 70
19 82
65 76
72 45
19 61
31 5
71 54
13 44
2 61
34 33
89 37
5 40
22 70
52 46
71 69
89 67
49 4
90 43
12 35
27 51
69 53
54 80
91 83
10 50
38 17
89 48
46 62
28 78
65 12
13 68
75 58
47 24
10 6
68 56
56 85
71 36
69 50
73 40
81 81
84 12
14 90
62 15
53 55
57 53
17 42
70 47
30 59
37 14
34 52
69 52
62 47
51 35
71 91
34 24
44 21
69 24
34 24
88 22
77 48
34 78
14 73
7 64
32 13
10 90
36 53
73 62
2 88
87 42
47 70
85 18
2 83
7 90
34 63
64 63
9 19
7 11
62 47
78 71
22 49
8 41
70 13
60 75
65 81
54 76
87 67
37 16
1 5
62 65
65 88
65 86
44 54
40 16
59 14
18 41
75 69
27 69
8 64
50 82
79 66
47 74
32 29
12 38
31 5
50 27
21 25
44 53
24 4
54 84
64 69
36 51
75 67
73 6
25 7
63 88
86 29
65 81
31 91
44 59
85 50
76 48
80 82
24 27
91 82
72 57
21 35
8 18
44 66
87 86
46 4
83 67
57 72
68 9
37 30
13 42
5 46
3 48
7 25
8 37
63 87
46 67
14 29
91 83
16 31
30 25
16 84
88 60
2 54
20 36
70 51
9 81
20 89
77 82
25 42
66 6
26 5
62 14
63 28
18 16
57 31
80 3
11 8
12 83
12 14
3 25
51 71
42 23
23 42
34 16
33 26
58 80
10 45
23 64
8 11
12 91
54 69
59 48
11 17
54 51
59 39
30 30
28 50
69 2
21 63
60 27
32 22
20 66
76 73
45 60
4 1
26 45
27 79
82 27
46 25
13 8
4 43
66 32
65 56
67 91
28 35
31 40
58 68
19 53
27 63
6 45
43 26
44 88
15 17
37 18
50 39
63 16
44 57
56 42
71 90
13 17
11 72
8 10
56 65
63 88
50 2
53 1
35 53
74 20
81 53
88 21
88 17
18 78
11 42
5 8
72 84
41 85
35 29
88 75
22 15
76 21
82 9
20 14
13 66
48 88
19 84
55 66
71 21
16 27
30 83
20 69
30 74
79 50
14 56
91 61
45 37
25 33
91 43
21 9
40 87
32 43
34 61
67 19
8 39
20 90
91 5
40 38
81 58
16 2
56 62
78 65
67 5
63 38
57 61
12 39
12 52
88 14
73 25
90 36
29 88
17 41
84 7
48 14
64 16
36 25
35 47
17 36
38 86
7 70
82 69
71 79
27 16
48 52
12 46
13 49
23 28
33 83
34 72
19 27
78 76
61 54
21 57
86 39
43 2
73 77
10 3
13 34
33 59
24 55
23 40
33 66
61 21
89 40
80 84
77 34
88 7
33 41
16 61
40 65
84 63
20 52
2 73
57 13
80 26
85 41
27 24
86 61
78 49
59 42
4 56
65 40
62 50
28 54
42 45
9 39
91 38
14 1
20 88
54 60
70 17
10 49
67 56
52 1
24 45
30 63
79 15
52 46
3 37
30 21
62 32
60 2
28 18
59 51
89 29
83 70
15 15
1 32
16 29
91 84
43 45
22 7
55 21
22 83
29 70
63 33
50 46
5 12
60 83
88 66
47 24
69 38
42 8
89 88
44 20
39 62
46 31
54 83
60 56
85 26
79 22
83 63
7 74
54 62
12 90
53 33
48 11
20 75
8 9
55 44
75 68
21 76
46 74
6 55
71 36
7 48
59 49
49 78
49 2
58 76
1 88
19 51
72 57
85 36
11 37
52 17
51 39
78 12
83 21
59 81
85 89
29 66
44 52
54 8
46 29
7 6
80 55
86 55
35 77
56 90
58 73
90 74
41 2
28 59
39 81
41 59
24 76
47 15
66 68
24 37
69 15
75 86
45 5
2 5
62 86
46 51
84 11
24 26
35 52
52 71
80 61
67 7
35 88
3 50
70 44
8 38
30 20
4 50
83 53
89 76
20 37
61 24
59 44
85 57
33 28
7 81
58 29
23 63
77 42
8 73
33 55
54 87
38 34
23 84
44 68
44 5
80 82
71 61
68 27
76 28
87 74
39 84
85 20
68 22
70 51
35 78
58 87
79 1
64 64
20 55
67 35
62 77
69 47
48 44
17 10
4 91
63 83
44 73
56 55
55 49
14 76
85 14
68 85
4 70
70 63
76 17
45 54
63 1
11 29
12 70
45 76
69 47
51 53
27 90
43 33
86 86
63 28
71 33
13 6
50 78
64 2
43 54
80 49
10 24
60 82
62 60
18 64
68 10
61 7
25 82
70 24
58 75
88 89
35 27
57 85
14 4
77 51
41 86
1 88
60 63
18 87
70 63
19 87
59 5
44 88
4 42
86 54
32 78
89 8
47 8
11 65
65 19
61 48
55 74
60 53
33 57
66 34
27 51
58 22
61 4
54 1
27 48
59 71
29 9
81 37
86 9
2 46
47 62
83 19
77 71
40 42
45 57
60 41
15 21
73 45
13 91
77 26
35 53
75 43
90 56
17 56
74 76
58 82
79 6
64 36
43 72
48 5
54 52
50 62
67 6
34 69
42 90
38 5
36 11
62 62
78 1
60 90
64 28
76 62
62 6
23 81
83 89
17 63
25 52
26 68
49 37
22 44
61 45
75 75
13 75
50 51
89 82
11 63
14 50
55 71
71 69
9 82
81 76
90 30
65 73
83 54
41 13
43 28
62 2
49 39
31 83
29 50
27 25
86 47
11 87
18 49
31 25
3 83
35 87
69 6
12 7
66 45
31 16
39 1
80 63
59 81
21 57
56 26
29 25
46 12
79 10
90 31
73 17
89 35
65 35
51 10
87 3
38 80
58 62
69 75
74 37
18 42
4 41
81 74
62 40
52 60
52 79
75 86
85 32
35 34
21 9
58 4
3 73
70 40
66 18
37 11
35 68
52 61
44 24
41 17
22 36
90 49
12 33
65 44
60 63
59 2
62 69
53 70
30 65
87 21
58 41
29 35
52 13
36 33
27 12
3 87
14 21
10 28
32 91
76 13
15 49
57 68
10 74
21 26
11 42
13 38
20 48
91 67
67 67
58 44
56 25
48 71
67 2
33 76
35 27
69 27
82 33
28 15
66 35
54 82
82 60
91 52
76 49
7 7
42 47
44 36
75 21
8 55
60 20
28 21
58 9
12 82
45 87
82 19
91 51
3 22
43 50
41 18
88 1
24 81
49 80
26 56
51 78
21 54
77 57
10 64
81 59
3 77
91 23
90 91
60 60
6 1
77 44
34 47
45 63
76 66
91 52
58 84
61 22
54 20
39 8
84 4
1 18
60 36
53 63
34 89
58 53
42 37
17 79
31 52
38 47
16 53
25 33
51 26
12 49
1 14
60 86
19 88
9 38
46 3
68 59
7 79
24 3
27 61
12 66
75 83
7 76
72 47
80 40
12 4
44 41
80 32
35 47
54 54
49 11
30 51
91 85
29 37
82 24
91 30
25 1
63 22
82 5
49 86
56 19
67 70
15 62
46 91
37 53
12 29
16 48
9 2
49 54
64 87
31 73
86 18
78 1
89 41
68 83
61 32
58 23
4 13
13 38
45 44
65 10
1 63
74 75
15 51
30 79
84 66
57 17
89 44
85 46
5 84
53 30
48 73
13 57
85 27
42 67
84 51
81 23
69 54
51 72
80 58
91 25
6 53
76 37
26 33
8 14
55 5
82 65
52 30
76 22
58 41
42 32
79 11
45 40
89 8
84 13
6 15
12 48
35 17
48 50
3 39
14 10
27 43
6 33
82 35
41 57
38 22
72 91
72 33
41 43
60 51
47 4
69 11
63 68
34 89
43 14
75 42
91 62
28 31
78 11
43 39
3 40
1 26
28 68
41 70
74 19
8 45
30 85
7 57
89 13
79 9
55 78
49 60
88 42
89 65
41 2
62 46
2 52
38 66
11 80
63 85
5 86
58 79
45 32
56 26
21 19
76 40
11 52
8 17
51 28
79 6
85 18
21 61
81 14
53 73
46 86
60 86
62 8
6 69
29 18
8 74
32 70
53 67
51 45
85 55
50 20
73 21
11 13
74 36
48 39
1 5
11 71
87 82
69 34
31 43
60 43
42 19
26 80
61 17
60 89
44 85
79 44
83 9
50 65
73 11
86 24
34 35
77 34
4 20
23 62
63 54
25 65
87 72
1 59
72 20
30 71
61 87
76 84
45 84
34 64
28 78
42 41
54 55
70 3
91 62
60 27
43 86
41 35
17 89
17 70
89 48
72 73
42 19
7 10
24 17
84 45
13 66
64 13
66 18
21 35
86 11
50 59
45 62
42 37
77 46
46 82
55 90
54 16
19 14
15 22
76 51
63 47
9 4
38 62
15 52
75 18
40 68
72 36
72 21
12 78
80 44
72 2
16 71
38 32
40 60
17 57
44 3
42 51
20 41
71 78
59 50
40 35
82 5
59 48
32 90
26 11
48 12
24 55
33 16
27 1
89 63
29 73
43 72
25 52
3 78
5 36
12 18
9 40
51 62
31 29
81 81
6 78
30 81
41 84
24 6
34 7
85 57
23 68
37 36
36 66
6 37
77 48
51 62
19 76
30 57
59 12
90 9
90 80
91 55
91 81
10 21
20 61
49 11
57 34
10 49
38 55
13 39
87 49
43 68
39 30
75 3
30 59
49 80
54 29
58 9
81 47
51 71
45 33
34 78
42 9
60 13
14 85
51 52
32 19
52 89
46 4
63 29
56 84
81 75
82 50
26 75
20 91
15 16
19 59
22 84
3 44
43 42
54 54
39 70
48 42
55 42
56 18
80 20
71 18
48 78
89 5
55 18
52 82
15 5
49 51
19 54
72 37
1 85
1 91
57 6
88 25
77 48
12 34
38 61
52 66
89 91
34 77
26 91
51 88
69 43
3 21
50 50
56 73
23 30
85 48
70 75
49 11
56 62
55 39
82 73
82 35
37 62
60 89
29 15
21 20
37 35
37 6
75 52
38 18
6 52
22 80
17 62
22 56
52 63
82 29
4 14
70 7
76 30
71 76
87 3
57 88
88 23
58 76
81 61
37 88
1 85
89 12
22 54
43 64
64 60
8 33
50 33
55 3
82 91
75 91
60 90
28 69
34 73
88 37
71 12
28 9
55 79
28 34
37 56
68 48
7 68
55 15
82 35
12 57
25 55
29 30
25 88
79 18
6 85
73 85
75 59
61 58
65 6
80 29
57 19
83 45
6 60
85 44
25 33
11 58
76 54
82 4
59 68
34 43
35 64
85 74
43 85
51 83
31 42
42 47
85 78
2 14
43 90
4 35
41 69
66 90
82 54
50 27
9 71
88 75
22 53
26 68
64 15
23 40
83 40
7 6
84 54
40 39
91 75
3 11
34 20
40 84
75 35
22 84
13 40
13 58
49 29
15 65
40 44
30 9
84 24
91 12
87 37
68 47
84 51
18 34
19 73
69 75
39 90
51 49
46 46
43 72
63 57
3 78
90 52
37 87
27 75
81 17
9 70
59 74
62 56
11 68
42 53
63 44
48 80
10 43
16 4
91 28
15 77
51 46
1 15
56 41
8 90
33 6
33 24
33 78
72 79
63 38
64 9
25 76
49 61
69 3
40 21
90 40
61 26
66 43
18 41
16 82
55 4
46 61
13 70
18 57
15 15
10 57
78 86
80 4
68 7
71 69
64 50
67 62
23 56
82 58
65 61
51 38
45 41
68 28
8 40
57 27
5 89
56 89
19 15
21 55
87 28
51 54
66 81
4 74
27 76
30 7
66 32
56 87
49 78
47 31
1 55
45 18
80 76
68 19
15 70
12 11
12 61
62 49
52 11
69 80
22 84
89 36
87 36
16 73
78 26
45 57
11 84
82 89
16 33
50 43
30 36
70 67
42 65
19 8
43 43
16 6
76 43
60 14
6 69
63 59
75 82
91 8
64 26
19 47
79 70
84 86
63 59
50 47
35 37
15 72
74 53
68 3
10 8
53 22
17 77
56 22
86 30
8 85
27 74
86 1
13 25
31 23
38 46
9 81
62 65
5 48
45 9
7 37
44 52
40 85
57 19
68 59
6 11
35 66
91 79
85 73
28 31
44 11
80 5
15 60
23 88
37 34
42 8
19 23
25 12
64 52
83 53
88 24
33 32
61 22
70 7
20 51
21 77
2 67
83 71
9 70
35 87
35 62
76 69
32 76
37 24
53 81
83 10
56 62
8 15
3 30
91 23
22 14
54 70
14 16
35 44
15 39
41 32
86 7
27 57
76 67
77 51
8 65
51 12
18 53
81 11
59 27
28 62
35 65
54 37
23 24
39 86
87 87
11 18
52 50
43 37
35 57
75 88
80 30
29 17
36 21
54 79
14 58
51 61
58 63
67 30
78 51
44 44
36 24
49 7
86 1
39 17
3 58
87 53
52 16
59 3
37 83
22 38
32 12
87 68
90 67
56 23
80 24
23 35
62 13
68 28
83 83
24 10
85 80
88 76
15 67
31 67
34 9
20 89
20 57
71 84
69 62
3 23
36 50
59 43
13 80
28 89
69 74
57 70
45 4
89 39
83 19
49 59
68 65
6 90
8 41
53 21
54 58
23 51
68 8
79 66
40 82
83 6
77 63
26 74
43 65
6 19
30 47
35 37
33 79
60 16
41 11
38 7
22 7
60 75
49 56
37 17
40 87
47 82
67 52
9 32
80 10
86 35
1 19
56 64
27 71
1 49
17 28
23 9
69 61
82 71
65 21
69 32
29 86
34 16
47 76
29 55
60 25
26 28
10 5
87 63
61 15
59 31
28 90
53 19
48 14
77 31
22 7
7 85
34 13
77 56
22 10
49 9
49 83
6 55
59 65
48 58
5 67
83 91
2 46
80 42
13 76
64 84
48 89
38 72
22 83
63 28
31 15
38 46
6 64
66 29
27 51
49 2
16 53
81 16
91 25
12 25
30 2
69 10
18 39
23 26
83 85
89 71
48 24
5 83
20 64
67 51
65 1
53 82
16 11
44 89
80 90
42 27
18 36
71 41
11 66
21 64
41 32
64 40
67 58
58 46
17 14
68 64
82 66
50 8
10 83
2 44
75 67
14 34
9 72
56 22
27 91
32 68
20 13
47 14
3 85
54 72
42 60
89 36
6 43
29 3
59 60
21 20
10 53
76 58
63 42
40 57
23 84
62 40
88 84
6 15
80 8
64 58
61 76
42 52
58 59
33 22
42 51
83 86
24 21
40 41
51 62
62 10
41 16
74 85
39 33
36 61
2 12
1 81
75 69
91 36
31 53
14 53
58 88
10 63
90 28
89 41
88 15
82 51
71 81
23 61
79 36
49 25
21 42
73 73
8 67
19 21
30 85
48 6
38 39
11 43
46 65
89 46
22 69
1 87
28 35
1 26
49 14
4 84
70 60
40 2
84 23
9 73
52 53
48 7
21 69
58 81
89 81
91 69
73 58
20 62
40 8
32 67
15 25
69 56
90 53
62 20
84 7
85 84
70 77
44 10
82 91
32 67
80 18
74 61
54 16
85 12
80 85
53 23
55 25
34 68
56 33
58 32
23 20
37 83
45 6
77 88
37 44
47 78
22 25
57 58
59 1
71 10
26 82
33 27
1 15
38 83
57 37
41 71
85 1
7 89
80 75
54 70
10 82
38 42
75 27
78 71
31 9
55 72
72 22
67 48
71 25
3 81
91 20
58 80
45 76
10 87
87 18
67 80
30 87
55 15
15 41
87 8
14 47
57 25
79 57
78 73
47 82
21 83
29 70
1 39
53 60
68 59
34 29
45 61
3 81
84 46
52 11
90 86
91 52
26 17
7 71
16 34
12 76
67 13
17 8
35 53
14 31
49 20
79 50
40 18
7 72
39 56
9 18
88 10
80 9
14 28
21 69
29 73
69 1
80 38
43 47
21 31
43 10
18 14
23 53
40 28
73 39
55 55
52 49
18 25
20 87
8 60
39 81
19 53
68 55
11 29
41 77
84 41
76 58
71 3
81 36
51 46
58 56
76 2
30 37
39 57
36 14
30 49
10 66
6 69
60 7
16 9
38 61
15 49
13 59
51 70
12 13
90 20
43 31
15 46
89 35
48 58
40 10
27 43
65 88
26 39
51 14
84 3
12 31
9 51
19 6
89 55
86 18
40 27
18 5
41 10
18 2
51 73
30 51
49 16
27 71
52 14
42 72
66 77
44 9
71 76
17 24
89 72
2 24
53 75
17 17
22 4
20 41
73 9
35 35
3 78
