85 2446
24 72
61 24
47 11
67 15
32 82
77 81
60 81
32 67
73 51
14 30
9 70
10 51
49 76
72 5
63 68
54 21
27 7
19 30
83 32
29 17
79 8
59 21
38 56
36 5
37 72
27 7
35 24
37 3
55 24
22 75
39 1
12 12
49 38
56 36
27 40
83 8
80 78
8 33
36 8
72 72
39 68
64 71
44 23
73 26
59 43
22 18
59 57
3 30
67 14
18 62
72 24
37 77
10 14
37 62
5 7
20 19
39 48
75 80
77 35
62 79
82 81
15 62
70 10
23 59
22 20
45 14
60 19
55 51
62 32
48 24
11 83
34 19
46 5
7 76
75 78
51 71
69 26
32 65
4 62
45 32
36 84
22 71
75 22
67 50
16 75
26 19
67 17
76 24
81 85
23 31
53 1
66 75
14 45
12 72
37 39
63 48
28 2
1 40
61 76
67 15
84 25
81 35
4 18
43 66
4 34
66 15
54 83
25 73
8 33
24 58
36 23
47 71
10 65
76 85
36 58
25 53
63 3
69 32
64 42
66 40
65 5
40 73
30 12
36 81
65 82
7 52
27 17
73 14
6 34
1 44
8 61
17 6
58 70
55 27
12 53
80 7
15 50
14 5
84 32
14 27
81 11
25 16
22 28
24 42
2 80
78 67
54 56
9 52
12 57
61 52
68 15
41 62
82 74
18 14
57 9
21 39
6 2
59 10
22 22
57 54
84 16
59 65
72 17
33 23
48 76
66 67
13 26
14 83
77 11
32 16
73 26
56 31
9 53
42 22
16 56
55 32
3 62
73 3
75 7
54 80
1 50
4 50
1 17
35 67
33 71
82 27
75 41
8 37
55 57
79 59
25 23
1 33
73 40
40 33
20 8
56 43
10 56
62 74
46 9
37 46
36 25
64 35
38 17
84 39
37 62
60 54
56 70
71 23
24 49
44 66
24 7
1 18
58 27
3 18
63 26
14 7
9 8
41 3
49 48
46 16
24 12
85 40
61 13
78 47
60 5
45 72
22 77
43 66
50 5
13 72
2 53
65 11
16 9
77 76
58 62
55 23
54 5
84 66
25 8
67 57
14 58
81 31
20 85
13 25
68 57
18 56
8 38
11 29
40 44
62 73
4 78
80 66
3 79
29 24
47 4
17 44
25 3
22 28
56 73
20 70
38 22
34 21
49 16
75 68
35 70
57 85
23 73
69 61
11 41
58 77
45 41
15 32
71 43
78 31
30 42
61 69
19 60
72 29
35 29
76 44
4 65
79 4
31 30
32 43
58 65
13 62
7 75
36 40
12 21
72 66
39 40
29 55
80 58
55 73
79 34
66 77
3 81
15 32
55 64
83 84
50 8
30 44
43 67
79 35
15 62
84 49
1 36
7 53
4 58
78 77
67 81
31 28
14 62
49 6
72 38
58 36
26 10
32 57
73 24
75 65
44 21
61 34
33 84
54 83
5 41
64 63
3 8
61 45
25 22
65 32
43 31
71 43
79 64
27 26
54 3
20 44
71 28
37 7
29 77
36 72
12 57
61 67
49 43
54 18
78 2
76 61
48 84
39 29
58 20
19 60
55 59
55 49
79 74
43 53
82 36
10 68
46 9
74 14
55 75
58 85
10 66
47 14
66 31
30 81
30 7
13 24
49 85
3 21
60 43
69 17
20 28
53 29
53 82
63 54
31 83
51 34
10 48
30 84
69 47
3 25
31 51
54 57
41 20
45 67
14 59
56 13
81 84
49 75
73 60
74 14
17 50
35 34
20 64
31 51
14 17
64 22
65 35
58 55
64 18
42 73
37 16
34 85
26 26
29 20
72 9
22 31
84 6
72 72
31 41
16 11
16 39
43 10
57 79
69 58
55 27
48 47
63 47
71 36
70 61
2 15
65 61
33 3
37 69
77 6
6 60
29 71
51 4
85 8
71 32
84 76
26 40
5 74
35 9
22 25
79 61
41 33
37 34
22 54
7 65
66 23
83 56
32 14
83 63
17 29
11 62
59 49
59 10
7 65
34 1
80 55
73 72
65 81
63 25
28 70
70 33
36 50
73 76
69 19
23 73
68 76
1 27
75 19
13 24
78 49
66 59
14 14
20 59
58 78
62 31
45 32
81 22
43 9
47 64
56 28
65 63
19 23
4 20
85 40
32 44
53 7
59 34
14 20
4 75
25 17
45 74
26 68
50 79
79 26
46 30
77 36
10 69
10 30
37 31
81 54
38 37
83 41
79 56
57 36
51 50
31 58
32 28
6 20
19 46
32 8
76 54
43 55
72 43
33 39
40 34
13 60
22 59
43 76
74 68
34 79
54 47
35 13
9 9
61 44
17 22
17 25
70 70
80 26
71 71
15 31
5 72
85 72
52 83
38 73
1 38
47 54
57 46
15 27
60 71
54 53
62 27
46 57
52 81
55 75
70 29
70 19
18 84
31 76
53 2
24 29
81 46
28 11
12 32
53 26
61 80
17 21
74 83
19 33
15 28
47 1
32 53
78 54
47 34
10 71
25 55
63 62
78 66
32 54
26 79
85 15
29 13
21 19
48 5
30 48
45 8
6 44
40 28
70 52
69 82
7 31
83 16
23 28
19 16
73 4
69 8
20 76
72 44
11 47
7 37
62 16
25 54
50 76
35 53
7 50
28 32
52 27
34 44
48 32
67 50
78 82
55 73
43 74
13 73
14 79
50 42
79 18
60 17
84 28
32 22
85 78
48 6
43 20
11 49
44 43
14 49
57 54
13 18
20 35
21 24
55 59
5 17
62 1
11 65
13 10
75 43
10 33
49 31
48 24
8 73
27 27
44 7
61 83
4 61
50 23
21 62
33 77
32 48
55 72
85 13
76 69
29 17
17 18
2 25
7 72
9 30
71 23
50 68
56 49
35 83
37 51
33 76
55 63
23 12
81 38
33 40
7 47
85 18
64 84
60 63
69 81
68 15
60 27
64 19
49 61
56 11
76 85
83 69
58 6
25 1
54 35
41 9
2 19
39 82
85 66
85 73
85 68
16 36
67 65
41 55
44 71
50 75
28 81
42 67
64 38
78 71
77 70
3 65
1 71
58 37
80 4
77 52
34 67
13 24
56 34
33 17
2 44
30 40
29 77
83 78
6 7
79 26
64 12
83 38
71 7
43 53
21 58
2 64
61 82
78 80
57 34
54 62
12 6
81 58
62 18
50 9
30 32
43 12
29 20
66 79
23 28
11 8
32 85
50 71
57 46
6 58
73 72
5 82
31 38
64 30
47 53
8 48
26 31
12 54
10 39
6 68
49 53
7 82
1 19
35 17
80 78
49 26
45 25
5 73
60 64
42 74
11 31
32 25
50 25
62 11
63 2
48 81
40 58
66 76
48 2
80 1
17 14
18 57
62 15
14 19
54 68
21 14
39 45
37 6
33 6
44 85
51 51
51 49
18 75
40 6
56 40
18 60
51 44
16 57
18 74
44 53
54 48
39 60
28 56
31 1
71 22
49 14
30 65
52 53
41 66
69 22
58 4
75 1
25 33
85 23
82 14
30 79
12 16
81 2
60 60
74 42
7 10
76 51
71 44
12 76
41 9
66 22
64 17
18 41
77 73
4 39
20 65
2 28
7 39
32 58
70 48
23 16
20 5
65 70
14 67
30 38
33 21
59 76
61 64
7 37
4 16
6 66
42 71
42 67
76 76
21 68
15 46
43 50
78 15
75 77
15 36
2 56
74 24
24 5
55 41
83 44
26 68
58 69
37 76
30 6
40 54
39 46
80 30
10 41
16 18
65 82
79 17
44 59
47 81
8 60
32 6
41 55
65 68
72 17
84 80
66 21
18 43
65 53
46 55
19 80
53 11
27 55
64 24
70 43
7 16
5 27
79 53
25 4
41 38
33 54
30 75
3 57
83 2
21 67
13 85
9 28
68 45
68 56
13 68
47 73
6 47
39 77
52 57
62 63
2 59
41 28
77 2
47 43
54 29
33 73
16 34
10 70
64 15
69 65
36 25
76 28
53 70
37 6
80 58
19 48
77 12
16 49
68 53
70 61
43 27
83 15
66 64
63 33
41 3
28 23
48 60
56 62
27 35
84 37
55 85
66 51
56 8
34 60
35 30
84 45
37 82
19 12
66 76
4 67
2 19
17 43
70 36
25 64
19 38
82 12
22 37
47 24
65 41
74 48
29 25
63 43
62 40
56 60
26 8
21 8
73 45
51 32
15 21
69 69
75 58
52 38
39 61
24 27
19 82
63 7
37 38
81 85
15 59
58 29
18 1
12 12
39 35
7 28
27 32
73 15
29 6
83 8
19 39
29 17
1 71
83 62
23 22
48 55
47 15
46 52
4 23
12 8
69 2
48 29
60 84
59 32
10 19
44 35
63 64
58 21
6 5
78 1
56 50
10 75
12 52
73 7
53 31
64 77
29 58
69 80
44 53
14 63
19 79
1 63
80 47
33 5
28 24
24 85
13 59
25 81
14 75
52 34
43 65
53 28
41 71
38 19
57 24
66 78
11 14
55 85
82 25
55 1
63 28
9 23
3 24
74 32
74 2
55 63
80 69
42 34
56 15
39 70
68 74
48 71
29 47
77 11
19 24
20 69
58 58
27 1
68 83
18 85
40 23
13 28
40 70
60 82
65 42
61 76
26 18
64 19
67 78
59 12
30 23
7 81
48 43
16 76
19 27
71 80
13 85
15 79
69 42
61 57
16 69
77 58
25 48
10 51
36 60
19 49
59 78
17 61
65 11
74 57
23 22
72 53
11 67
55 33
38 38
10 79
24 67
9 37
52 9
7 26
15 49
9 3
72 29
17 16
12 48
72 13
57 17
79 23
4 74
70 3
10 64
4 84
35 64
19 84
30 79
14 36
38 73
24 56
56 4
27 64
45 42
41 55
74 80
37 76
48 54
30 70
64 74
29 32
78 63
7 17
29 5
41 35
56 5
5 53
58 82
33 50
65 63
83 49
4 19
67 27
28 58
19 16
2 60
30 36
53 36
24 83
9 36
67 81
14 26
53 56
61 81
75 55
56 29
78 71
55 15
45 54
38 22
66 12
31 49
52 20
28 56
73 22
40 33
34 6
71 39
43 49
69 69
30 20
44 85
21 80
68 75
26 66
4 24
62 63
79 62
62 22
27 40
14 8
79 22
26 48
45 45
50 58
19 18
39 34
10 5
20 34
35 30
32 79
59 72
14 8
51 70
80 58
74 6
35 41
22 17
47 3
6 17
54 29
39 67
42 1
20 6
47 67
51 83
52 52
41 19
42 71
41 80
4 46
21 27
60 5
36 75
69 77
66 68
62 42
21 9
29 19
51 20
61 62
19 10
85 52
40 73
44 57
38 7
46 12
17 66
83 80
16 28
32 72
39 32
74 8
7 51
85 43
40 79
6 34
33 2
53 2
17 71
33 71
8 59
79 7
38 54
44 72
41 1
11 73
76 10
75 57
55 15
7 9
47 17
74 42
34 31
58 64
17 81
9 53
62 52
77 22
60 25
42 42
1 29
8 63
73 76
36 67
32 14
24 50
5 25
17 25
71 66
82 82
40 58
45 31
34 10
19 34
14 27
80 14
60 10
73 49
9 20
49 46
83 23
40 67
14 50
1 8
84 65
35 57
2 52
35 81
79 33
23 84
43 36
61 18
62 7
55 21
74 74
63 51
72 13
46 73
48 55
9 22
76 24
4 11
29 49
27 69
27 48
46 69
34 2
7 43
41 76
25 79
76 57
56 13
52 77
48 64
34 19
56 58
25 59
84 80
76 1
17 35
72 57
54 83
85 60
52 39
7 54
64 53
73 60
83 82
57 44
58 59
27 61
58 71
62 25
42 84
10 50
31 66
42 57
21 74
36 17
66 5
35 26
47 49
83 58
15 69
53 77
56 62
38 18
50 57
76 68
36 78
81 8
83 42
84 80
19 14
27 36
75 27
48 71
74 33
36 1
52 48
28 35
32 58
34 41
9 23
66 29
18 18
27 46
4 13
27 66
39 29
22 83
53 69
75 48
39 77
29 22
82 51
30 25
69 59
65 36
73 18
48 42
82 13
53 6
40 38
57 37
2 59
29 53
44 55
79 66
17 68
77 58
26 30
45 66
6 16
10 55
24 11
61 60
29 66
64 44
85 6
39 45
3 68
55 67
83 83
85 54
6 3
62 15
5 69
76 36
70 76
45 37
20 60
75 34
13 83
7 74
61 23
32 55
66 1
18 7
62 43
56 23
16 75
36 71
44 85
20 24
77 27
47 18
74 57
42 34
67 76
81 27
51 74
69 65
8 2
51 24
78 44
13 19
21 75
51 79
26 43
7 26
63 68
61 9
64 69
57 37
21 40
20 16
38 19
77 69
83 24
70 29
43 23
43 79
47 34
29 75
37 38
14 31
71 38
3 33
66 38
66 59
14 41
62 1
82 18
44 52
42 48
33 32
26 13
38 24
4 6
59 66
21 85
85 65
30 56
43 3
17 37
38 63
23 40
64 40
58 24
65 80
72 79
25 58
3 44
81 7
63 73
21 78
41 33
67 60
3 56
11 14
12 61
44 52
76 23
8 36
41 38
42 38
71 62
2 63
20 72
63 45
69 84
85 63
19 31
84 72
19 38
30 7
9 20
47 62
41 45
47 78
55 62
65 22
75 9
2 14
70 51
23 25
83 2
42 30
32 63
26 62
77 28
13 63
78 43
32 80
9 17
31 54
25 18
74 32
85 3
22 23
5 27
59 79
10 25
62 4
65 33
13 30
55 77
39 70
65 52
45 45
35 43
25 40
32 45
76 22
27 22
55 5
6 51
36 78
17 36
16 25
4 18
58 52
55 48
16 53
19 11
67 58
16 83
6 81
21 31
49 23
50 26
9 13
31 4
11 58
69 73
74 63
61 57
68 29
57 85
64 54
60 18
16 2
28 81
77 27
52 39
39 59
13 46
45 77
22 30
15 46
11 69
17 56
57 62
55 25
14 60
5 45
42 49
39 10
69 4
1 80
42 47
64 62
82 50
70 24
85 63
17 21
39 70
12 46
54 41
48 53
9 83
82 10
60 39
7 34
63 17
47 77
29 42
81 45
9 75
71 84
52 41
3 41
17 17
10 46
60 84
12 80
12 33
70 78
32 13
25 23
29 53
19 37
77 12
67 12
21 13
80 29
47 31
65 71
33 49
3 83
29 76
20 21
84 27
1 51
27 85
3 2
79 71
56 37
71 76
59 3
15 80
38 73
51 25
18 71
12 30
68 72
71 34
76 41
85 38
28 45
66 75
85 77
37 13
85 41
51 63
72 52
24 6
58 19
75 13
80 36
16 22
24 68
32 63
79 43
53 64
52 17
69 20
8 48
77 58
31 71
50 15
15 58
50 13
83 68
37 77
62 80
33 26
72 16
85 58
74 51
36 1
12 71
73 46
41 5
83 71
75 78
83 21
28 1
17 53
8 51
8 47
51 17
59 66
30 2
7 48
84 39
5 66
59 65
19 70
5 34
37 70
52 70
30 47
16 20
30 58
28 71
50 12
27 75
14 25
11 83
76 65
24 61
28 79
48 5
46 56
38 42
53 11
13 70
12 23
32 80
31 73
79 75
44 25
74 54
41 64
83 33
44 16
84 36
9 52
42 76
28 57
43 16
3 48
5 71
54 47
21 56
16 39
54 23
68 53
83 41
78 30
20 69
80 26
8 45
33 68
17 15
40 45
27 63
22 19
32 41
41 58
77 67
31 7
15 19
64 71
10 79
32 50
13 36
85 13
24 80
68 63
78 80
58 37
62 70
41 43
53 4
16 35
13 60
7 54
24 12
45 14
39 72
73 62
44 51
73 24
43 81
46 42
30 78
5 57
24 47
2 7
28 85
53 52
4 56
50 70
53 48
13 77
81 5
82 34
49 74
7 67
37 69
80 34
16 43
46 44
24 39
25 39
83 79
44 12
77 31
23 55
76 20
85 32
64 68
37 39
50 39
49 30
42 57
37 52
8 22
39 73
64 83
27 78
5 57
81 36
19 78
54 33
65 46
68 81
64 19
7 51
64 63
8 13
69 8
7 49
21 79
82 50
83 84
20 44
45 14
74 39
25 32
22 13
75 7
57 50
51 78
73 25
69 23
23 39
23 51
2 2
65 36
51 12
37 23
67 55
72 6
50 65
50 59
31 71
32 49
5 61
55 75
26 70
78 24
50 47
84 51
3 85
67 27
20 2
74 47
70 84
81 17
21 34
71 63
23 51
73 40
67 34
42 46
49 21
22 57
34 67
26 37
82 28
78 32
53 66
64 39
70 1
21 2
35 42
44 71
34 79
38 29
45 57
84 63
39 38
2 43
34 5
68 74
70 55
65 3
31 85
67 48
29 82
13 61
78 59
28 59
67 10
61 81
69 55
16 64
27 8
71 4
55 67
26 8
17 75
33 31
80 27
34 70
5 37
47 51
46 62
16 82
7 63
64 62
45 85
35 66
55 54
27 58
48 83
72 61
24 22
32 13
14 78
22 55
66 23
27 15
74 73
23 61
47 14
9 25
81 80
15 34
44 28
51 2
38 54
62 22
33 25
22 30
18 3
24 32
34 54
25 10
31 31
41 38
47 5
26 36
58 60
23 16
14 21
66 26
36 73
82 58
79 27
6 4
55 37
52 19
79 40
71 65
30 52
39 49
48 33
75 6
59 9
17 5
76 63
79 41
1 65
25 31
80 80
70 5
73 38
52 33
42 47
23 12
1 85
5 35
14 79
30 71
28 41
60 79
10 38
53 11
3 45
20 50
49 48
46 70
9 38
34 79
69 78
34 79
33 83
34 62
4 20
18 2
65 63
65 48
33 28
35 47
21 31
83 6
49 77
16 82
2 30
68 75
19 34
45 85
73 2
28 18
1 13
36 9
47 26
49 18
71 53
30 15
61 46
85 83
66 40
20 68
7 10
35 57
57 14
79 31
60 59
77 80
84 71
39 61
52 58
8 43
61 31
37 11
74 32
41 28
15 5
13 68
53 23
46 12
62 11
30 63
46 48
36 82
41 64
23 15
18 77
85 1
34 76
57 59
44 61
30 55
28 24
31 52
30 30
62 6
47 4
5 44
70 23
39 59
53 55
66 80
42 46
60 61
29 30
48 71
70 41
65 27
80 44
25 46
69 41
65 57
35 37
24 18
35 41
65 45
57 47
34 59
35 19
73 2
53 57
49 58
66 10
11 56
67 39
74 7
38 68
14 47
18 12
63 6
42 37
74 63
39 70
3 62
29 55
28 66
81 6
58 4
66 53
5 80
24 52
81 77
43 44
56 22
36 24
11 82
53 35
85 4
80 51
48 6
41 85
21 18
52 50
26 34
46 4
78 70
37 65
37 28
13 32
21 65
56 24
10 83
61 18
54 48
18 68
75 32
34 50
82 44
2 45
74 76
16 41
68 34
32 41
58 32
31 14
12 37
55 73
34 28
4 61
1 72
36 14
26 41
45 17
48 24
15 2
69 30
55 48
47 16
71 56
2 60
85 62
26 7
15 3
10 37
21 71
6 34
74 19
16 76
12 18
31 2
21 42
85 24
20 84
62 10
13 82
27 14
67 38
77 80
19 53
78 74
68 45
83 50
38 69
30 27
34 45
35 60
36 12
29 27
11 84
11 4
67 33
29 68
67 65
33 57
67 62
78 74
6 27
56 63
57 3
8 51
24 10
44 13
7 82
58 70
31 71
25 65
67 16
78 23
37 55
33 28
4 23
18 33
24 62
66 51
13 28
62 65
15 82
15 58
14 26
74 24
28 32
84 83
71 37
70 82
3 54
26 36
21 38
78 1
83 32
18 28
53 34
43 44
26 12
14 40
62 62
63 34
23 82
19 67
60 85
69 34
20 68
65 30
23 22
7 42
51 78
6 1
34 65
59 62
62 19
81 57
82 14
11 85
68 3
61 64
67 45
14 68
3 22
52 41
49 44
24 23
37 4
19 57
80 21
3 81
77 32
68 26
13 68
69 12
33 48
40 72
49 84
50 46
70 57
82 4
23 68
48 82
12 42
23 17
24 79
65 32
55 23
54 75
59 52
50 85
74 4
56 38
16 13
27 56
70 66
11 21
47 1
80 72
61 48
1 41
52 61
49 35
7 56
57 23
6 35
20 38
35 4
63 32
28 47
47 34
10 68
15 58
19 71
37 76
45 7
85 23
16 71
58 10
22 28
71 67
77 24
85 44
7 60
75 73
71 3
42 55
15 8
34 74
16 22
48 60
69 78
5 23
75 65
23 60
4 51
67 15
78 10
53 79
66 11
1 5
11 65
67 40
67 40
71 23
41 5
66 51
13 45
16 51
60 26
42 9
16 30
79 49
38 6
70 48
66 6
64 4
66 15
53 52
11 74
20 64
21 28
46 44
41 32
15 23
21 4
84 74
23 45
32 9
78 56
27 83
16 20
84 69
35 43
10 83
19 61
10 8
19 38
71 54
52 84
84 66
60 33
78 65
22 50
1 63
75 10
25 34
85 81
29 68
70 24
77 56
82 43
17 2
64 6
6 64
19 36
73 84
36 85
75 59
82 46
80 77
85 47
79 19
48 47
55 71
31 74
9 76
8 26
39 57
26 57
16 71
70 69
23 17
69 73
84 21
49 40
84 81
47 69
76 2
7 36
84 16
44 32
68 53
62 57
7 8
40 2
6 6
68 69
78 12
35 22
70 17
53 83
62 13
34 48
27 47
52 44
59 4
32 62
7 37
69 66
3 24
77 60
52 23
34 54
61 82
32 66
82 41
84 62
81 17
3 24
30 60
6 25
25 1
13 13
85 10
58 22
82 10
36 48
57 80
18 3
72 20
80 66
82 17
38 37
62 59
5 19
50 8
64 68
50 52
13 57
10 50
3 34
25 79
35 21
12 64
17 28
18 39
43 37
73 53
51 29
68 57
57 79
12 38
25 10
50 70
67 52
39 84
33 80
55 41
75 62
28 47
17 31
38 44
44 18
58 18
78 64
58 9
58 66
7 19
59 32
46 84
9 7
46 50
