91 981
43 29
50 14
65 51
12 18
6 50
59 90
46 81
42 82
67 35
17 4
75 24
81 48
15 52
11 62
12 1
46 83
2 13
89 64
48 14
48 6
83 59
39 13
38 50
15 58
29 87
73 79
43 62
59 22
89 30
73 24
54 65
40 76
27 80
71 87
7 18
12 81
24 3
25 32
27 7
43 23
4 12
76 14
46 63
20 29
19 37
31 37
30 38
82 40
90 63
22 90
33 84
53 13
57 74
80 8
77 79
26 79
25 83
15 87
22 60
2 28
81 86
62 60
76 60
23 82
10 76
72 84
36 7
73 47
67 32
80 3
75 48
91 62
51 90
63 49
53 38
35 13
47 59
24 90
45 33
48 56
79 8
16 5
43 48
71 79
56 28
24 28
48 21
74 34
70 79
82 47
27 88
17 79
50 16
72 32
13 47
51 10
53 20
34 30
19 25
91 52
44 67
30 14
36 85
42 48
87 63
33 57
72 60
26 76
82 60
7 17
69 38
74 42
6 26
47 41
45 80
8 87
87 58
64 85
80 22
82 29
45 55
69 6
45 76
86 56
73 36
32 18
62 65
72 71
21 62
10 62
41 89
66 71
56 48
86 49
10 68
30 83
71 14
33 89
89 35
60 6
53 77
90 11
44 23
22 32
12 6
68 42
36 27
16 5
58 91
29 82
18 44
5 87
69 91
38 3
40 25
22 16
73 78
45 15
76 88
26 86
33 17
47 48
76 7
77 84
11 3
80 19
40 51
84 9
39 16
44 3
79 75
52 38
44 37
91 56
82 25
13 45
60 13
57 59
65 62
19 79
60 67
21 6
49 43
64 43
14 77
40 87
88 40
82 26
53 78
41 25
78 68
36 91
71 42
39 19
12 62
10 65
86 55
15 15
43 84
64 26
48 52
28 15
21 80
69 68
50 75
30 74
27 23
82 89
3 47
65 41
31 7
76 22
8 27
61 42
33 86
14 7
22 4
39 20
79 22
77 62
10 84
31 38
88 64
56 90
71 34
35 16
4 87
57 68
15 58
6 14
55 48
83 58
44 15
43 81
81 67
16 57
87 27
14 40
81 53
79 3
76 84
60 33
91 68
5 62
75 76
65 87
75 26
77 81
49 31
12 19
74 83
91 2
29 15
11 48
37 37
21 22
89 60
2 2
38 91
6 76
75 29
54 33
2 82
10 26
84 76
57 54
46 45
71 74
60 19
56 57
4 2
45 91
48 18
14 65
44 52
73 4
3 66
48 52
28 19
17 28
40 52
13 53
69 42
20 2
34 1
18 62
51 36
66 77
78 34
6 3
89 72
43 53
74 3
85 58
1 53
56 58
24 38
38 73
76 8
30 6
53 78
72 18
90 89
21 76
64 21
75 1
54 72
78 85
65 36
18 15
79 24
47 32
57 53
10 48
25 87
35 41
25 78
46 65
54 24
42 6
86 14
7 74
42 33
67 71
31 20
27 88
78 8
81 60
3 65
39 89
64 70
78 89
76 50
74 19
84 12
25 89
76 63
33 70
4 35
16 10
69 11
88 78
5 1
21 21
44 25
58 66
22 51
42 83
85 77
26 55
66 57
77 15
67 79
62 66
71 2
60 4
21 2
67 20
71 18
16 71
74 42
40 50
85 45
12 35
33 67
79 43
13 5
22 43
38 52
19 44
51 48
58 23
22 13
83 47
78 6
63 22
48 31
43 40
30 17
23 9
33 43
60 34
34 6
15 22
76 31
48 17
47 58
13 25
54 79
36 41
10 27
86 1
14 49
80 83
20 37
10 79
32 60
7 11
86 30
37 62
8 64
22 37
2 14
16 4
22 84
10 7
65 83
34 47
38 69
11 31
37 7
56 74
66 89
70 84
60 3
81 42
58 41
29 68
49 32
14 79
38 14
39 49
8 5
63 65
41 79
57 51
25 51
66 17
50 53
56 6
51 41
12 58
16 73
83 18
5 42
62 25
61 65
75 44
81 16
57 31
44 19
21 56
20 28
50 56
85 69
66 16
85 26
45 16
62 1
57 76
57 18
45 76
67 5
4 51
88 3
56 83
22 23
8 90
87 3
68 2
17 91
48 9
30 9
73 55
30 66
90 11
50 44
84 45
54 80
11 62
44 46
77 76
34 54
53 86
43 79
90 38
90 5
62 10
35 18
19 52
47 73
6 73
44 36
13 61
49 5
29 24
88 73
20 86
10 39
7 48
91 84
12 11
23 9
8 34
38 77
83 82
3 23
11 68
21 28
79 55
8 60
15 65
1 31
43 27
56 71
60 69
1 77
60 64
91 23
77 61
42 55
50 65
63 59
36 25
79 74
83 9
79 31
43 68
41 85
73 2
47 25
22 76
15 30
73 14
57 19
29 71
8 17
71 47
71 39
73 56
72 90
41 15
5 47
11 39
51 40
67 70
52 43
13 28
48 28
46 33
76 63
25 74
18 79
78 81
62 39
20 46
54 70
69 82
72 27
44 86
56 1
86 29
85 49
5 13
16 17
58 72
42 70
38 21
61 72
75 77
4 80
77 85
14 55
52 80
53 64
7 78
36 20
22 56
87 58
70 28
70 37
39 90
57 61
7 45
91 61
44 32
85 86
10 10
36 11
55 72
23 25
59 77
68 62
77 86
1 26
25 3
81 68
44 73
67 1
55 60
46 15
39 81
43 39
69 37
83 26
88 45
59 53
16 86
80 33
19 90
5 8
5 5
57 15
35 25
39 49
45 63
1 49
76 18
9 9
70 48
9 9
12 33
23 54
5 29
14 39
84 22
14 7
54 2
4 4
19 77
40 27
78 8
61 88
85 13
45 90
25 32
81 3
66 66
30 36
56 51
24 36
8 89
60 44
68 2
67 65
16 91
8 53
59 29
59 5
34 69
56 54
71 10
33 65
47 31
74 46
73 30
90 83
67 39
88 80
48 35
35 7
75 54
56 86
38 42
47 63
75 45
59 36
6 17
87 90
55 28
56 55
48 66
66 79
24 90
4 76
32 63
83 7
68 72
69 13
62 34
11 85
37 5
88 29
76 37
8 89
41 54
1 45
7 77
61 49
39 51
80 41
71 60
61 4
3 81
25 30
33 64
33 1
39 33
33 41
54 46
62 20
51 70
46 34
84 35
48 38
16 3
76 82
63 39
89 34
1 35
35 55
64 71
62 45
35 47
70 15
54 74
85 13
78 60
72 67
91 86
25 11
50 79
38 67
2 36
58 77
86 22
41 61
83 68
37 31
12 76
31 83
57 60
1 65
42 3
89 22
11 44
11 55
12 48
45 53
18 83
59 58
66 47
2 21
72 47
50 50
57 14
39 69
62 74
64 11
62 20
21 57
65 34
26 8
47 63
15 38
81 77
10 72
31 52
5 31
15 56
87 39
25 18
85 70
73 10
62 64
17 58
10 25
13 89
53 4
52 43
58 52
64 29
59 83
88 77
63 36
19 47
5 53
54 27
50 17
59 74
14 9
68 8
26 48
33 13
73 6
49 4
53 41
86 60
79 70
5 34
28 74
22 15
26 70
39 59
62 62
74 29
35 22
53 37
81 2
19 81
16 20
82 9
65 69
65 29
72 36
38 8
35 32
4 62
37 13
62 5
56 11
20 34
91 13
1 86
2 67
9 25
10 51
18 26
14 54
76 9
57 90
5 37
87 19
37 44
57 86
68 28
17 49
18 69
79 23
57 4
29 67
38 90
31 69
42 70
16 8
88 17
75 3
15 84
17 45
36 2
87 72
23 62
15 37
5 73
9 25
36 40
43 47
4 69
54 27
79 56
38 64
29 73
15 40
25 48
26 84
56 33
16 51
80 40
73 26
59 79
90 86
16 12
42 71
83 36
16 20
67 42
60 18
6 47
47 3
4 12
84 13
47 47
89 24
57 33
60 82
68 61
22 52
61 22
50 33
34 34
32 64
72 10
87 50
83 10
17 22
45 20
13 29
5 80
30 14
91 25
21 49
63 13
44 37
18 40
28 36
81 6
85 20
91 55
55 86
53 59
58 40
73 29
79 64
37 10
52 87
31 31
59 40
89 35
1 12
68 24
32 32
17 24
76 45
40 6
20 91
28 45
52 36
58 30
52 66
1 90
25 32
51 81
84 21
19 83
12 63
41 59
77 87
28 77
5 39
66 18
51 30
26 17
88 25
51 26
76 30
30 61
19 45
58 66
56 71
32 38
36 10
53 82
89 5
53 20
9 16
27 60
73 82
11 44
11 9
53 48
50 37
38 47
30 71
1 62
27 23
59 70
62 72
76 49
15 73
48 70
57 16
16 52
3 2
67 37
31 52
2 54
83 38
36 22
3 51
4 78
6 78
48 15
88 40
9 15
18 59
77 29
52 19
54 16
5 10
10 33
39 31
32 37
21 70
53 55
63 74
58 59
8 25
63 6
74 84
32 63
14 27
