63 884
45 2
37 7
49 17
63 37
32 61
20 55
12 41
53 10
30 6
32 10
12 19
5 39
60 59
4 2
63 6
5 10
40 10
7 54
40 38
61 53
28 30
41 28
26 46
35 20
29 18
45 20
7 34
20 8
11 51
49 33
57 34
22 36
26 26
51 43
47 51
27 62
23 15
4 38
26 9
54 44
53 13
18 40
8 32
1 13
40 27
31 45
50 37
17 2
32 1
51 39
63 22
5 1
23 1
2 35
47 18
54 16
53 33
33 63
48 11
7 37
5 37
13 51
42 42
51 43
49 18
55 63
47 18
24 2
26 33
25 47
54 17
20 6
62 25
19 6
58 22
11 31
11 30
35 28
46 27
16 52
29 56
30 21
34 41
24 26
8 6
17 41
52 9
44 44
8 49
19 41
60 33
24 43
9 23
8 5
24 39
41 54
7 38
62 29
8 60
16 41
16 7
2 15
42 38
6 33
13 36
54 31
18 6
58 32
18 48
1 10
24 21
56 53
62 32
21 27
39 50
26 46
37 23
19 44
45 9
54 44
31 3
7 47
26 56
43 15
15 31
20 39
51 56
54 35
26 5
24 45
20 63
33 41
35 43
61 19
35 2
34 20
35 49
2 60
21 60
60 62
45 47
44 63
52 60
36 20
5 63
35 37
46 55
37 51
22 12
51 39
11 61
36 56
17 23
22 58
12 30
30 17
55 34
40 11
3 18
23 59
47 4
19 11
51 51
55 53
51 32
38 49
35 1
16 56
22 52
15 20
32 5
47 45
62 42
16 3
2 1
56 52
63 15
33 24
24 20
37 31
3 13
39 47
63 21
48 21
18 29
12 43
55 31
8 22
40 52
48 55
45 36
12 20
31 10
8 45
50 21
39 3
58 8
61 2
25 27
38 21
31 46
52 13
21 42
54 36
47 9
31 21
35 26
16 37
40 16
24 30
41 5
59 40
14 34
33 7
20 57
27 26
56 24
1 43
55 2
24 40
19 54
25 2
1 18
24 14
46 36
60 41
55 51
30 3
23 60
46 56
6 53
22 13
18 28
53 4
6 62
41 21
42 35
19 3
38 38
24 57
22 62
33 11
13 28
59 4
34 61
5 44
60 26
38 37
8 8
56 33
34 25
47 35
30 3
31 39
37 19
4 46
36 2
9 37
14 44
55 44
52 35
40 44
31 9
42 45
57 63
47 33
13 15
52 46
23 31
25 13
63 23
28 1
18 23
15 18
22 40
21 32
43 45
22 32
39 41
17 6
16 38
20 40
19 53
35 16
42 2
40 43
24 20
3 23
61 45
4 13
30 53
23 1
56 10
32 19
31 57
30 25
18 13
44 3
6 37
54 51
34 15
25 56
29 27
25 31
26 14
41 25
24 60
31 56
27 29
49 50
26 7
30 16
18 58
24 53
23 24
29 28
37 60
48 14
27 59
30 22
25 26
53 8
49 45
28 29
22 31
4 51
59 49
53 14
45 5
58 24
10 14
3 20
42 14
16 8
11 27
17 27
1 45
3 63
56 30
63 63
12 26
26 45
4 36
13 29
23 47
28 29
25 26
4 63
1 29
28 25
26 53
17 4
44 1
43 50
41 27
32 12
35 50
9 19
55 36
49 55
23 45
53 6
36 26
17 10
43 8
38 7
45 13
3 16
12 36
49 45
7 23
21 46
40 15
51 5
41 56
41 63
50 13
44 21
31 61
39 39
19 6
40 20
22 57
35 54
15 51
63 58
32 11
18 59
27 40
22 63
63 4
15 27
18 54
34 36
5 15
45 59
60 18
10 46
18 26
55 14
7 4
4 3
26 61
7 54
36 10
57 5
56 38
33 10
33 12
26 48
21 27
53 20
29 7
58 2
5 35
17 61
5 20
7 53
38 6
5 21
37 25
40 55
23 50
24 19
42 28
27 41
50 62
6 36
11 4
57 21
30 41
37 54
54 57
6 37
11 21
41 11
33 53
25 50
47 37
1 24
48 46
1 29
8 52
17 50
52 2
15 42
29 51
35 48
15 53
2 27
29 38
38 30
35 34
46 2
41 27
1 53
34 42
47 44
11 61
47 4
4 60
29 41
21 43
22 11
37 63
21 62
62 50
45 35
2 41
59 16
6 15
13 56
46 52
32 6
18 33
13 52
11 16
19 15
38 5
21 39
1 9
14 5
30 39
9 9
59 35
20 34
3 57
26 22
13 19
39 26
52 13
26 4
13 29
42 11
54 14
63 53
25 28
55 53
8 32
40 51
1 62
32 43
53 34
58 2
22 14
21 1
18 36
29 30
7 28
48 48
9 23
30 55
34 16
61 28
4 34
27 3
34 56
17 26
8 46
17 10
46 17
27 27
46 57
31 27
22 3
7 41
44 3
53 62
37 10
1 34
58 45
57 52
57 29
47 8
56 11
24 11
63 7
47 1
27 21
23 17
17 54
33 26
63 7
19 43
55 6
29 4
30 32
1 62
51 58
9 52
3 47
63 43
16 40
28 5
37 30
32 60
1 8
52 11
53 40
36 55
7 6
63 58
48 34
14 25
21 21
23 34
2 37
24 32
52 13
5 45
10 55
26 16
15 56
21 17
14 3
36 39
10 42
53 36
7 46
6 2
36 15
60 49
34 28
18 1
62 18
2 15
49 53
63 32
54 16
23 7
21 63
22 2
16 18
9 25
7 15
53 17
1 7
17 5
17 54
11 35
45 44
20 24
50 34
6 14
51 12
52 26
39 7
29 52
44 49
36 31
31 28
31 46
19 21
23 21
31 49
9 53
60 11
12 14
32 28
30 63
34 38
39 12
50 38
18 40
8 29
50 41
15 5
38 25
36 28
4 54
34 29
42 38
61 18
2 55
51 24
3 54
34 11
57 51
60 50
53 40
23 36
58 22
57 53
43 9
56 25
8 48
55 16
58 6
22 21
27 50
25 20
21 10
43 63
19 42
16 14
17 9
46 48
8 7
47 3
47 31
36 27
40 47
38 2
45 51
50 11
23 39
29 41
54 11
7 14
19 40
20 49
57 36
30 61
62 51
46 4
3 60
45 5
4 54
37 45
14 23
20 44
56 26
40 48
14 50
62 38
10 48
44 37
25 48
20 10
25 30
56 33
61 33
57 55
52 8
24 29
39 46
17 13
39 21
24 31
50 1
6 46
51 1
28 60
34 46
10 45
9 31
31 26
14 7
27 50
48 63
30 49
26 60
4 2
59 52
47 60
43 54
3 62
56 13
50 21
36 53
10 27
47 18
8 48
41 7
57 62
10 57
47 17
16 40
31 12
58 27
45 19
37 62
2 22
11 62
20 54
50 39
39 63
47 53
29 1
38 18
56 60
12 63
21 9
15 11
39 35
44 22
1 4
13 3
27 34
32 23
42 19
48 51
15 42
44 14
47 49
24 18
20 27
39 17
40 28
40 44
40 21
45 40
5 8
39 4
54 23
11 33
52 16
42 21
53 45
57 37
3 4
50 18
32 7
6 63
15 36
58 14
11 9
35 47
54 27
15 21
63 54
30 7
6 1
17 49
36 50
27 37
12 59
41 52
53 27
53 2
59 25
50 27
52 29
9 31
38 11
30 9
63 18
26 51
56 50
6 31
2 49
54 10
48 52
14 11
2 42
8 19
62 49
21 43
47 38
41 38
45 2
16 25
4 13
49 42
59 21
58 20
40 48
9 14
54 15
2 25
7 34
42 41
36 55
46 1
13 34
39 31
58 49
44 56
2 32
59 60
19 16
22 13
18 12
62 19
47 21
37 41
7 2
12 41
32 23
26 38
42 63
30 34
59 23
59 4
40 12
10 10
7 56
39 41
13 39
3 39
5 12
57 8
45 13
55 57
26 49
28 53
3 39
11 18
11 2
38 14
55 43
15 1
55 19
14 62
52 56
39 21
33 8
14 31
30 39
60 23
39 4
30 26
6 15
2 55
63 19
41 18
8 20
13 33
31 25
38 5
48 3
31 25
24 52
62 36
