85 2536
42 32
8 1
53 9
59 56
52 64
26 44
30 76
60 25
43 33
76 16
69 21
44 19
14 39
1 4
18 76
72 12
12 17
62 61
62 23
38 26
5 15
73 13
57 4
78 51
80 38
62 43
43 17
79 67
2 57
39 22
81 32
41 33
40 52
49 82
30 75
37 75
8 62
11 18
56 35
58 83
81 80
61 74
58 36
50 8
76 13
42 23
39 16
80 8
46 76
45 33
32 8
32 53
20 15
61 41
72 52
10 15
35 5
44 85
76 29
27 71
74 74
16 58
18 81
59 20
46 52
41 30
4 53
58 15
12 52
17 32
54 67
1 33
26 64
63 69
6 81
56 10
14 2
52 21
44 74
75 19
64 53
26 71
81 20
3 51
47 76
52 44
24 55
75 64
20 67
2 78
84 24
34 40
6 54
28 79
48 56
37 73
51 50
29 44
5 61
28 34
72 60
2 14
77 39
45 65
34 60
38 46
24 35
5 29
44 45
71 70
34 51
82 35
6 40
39 20
17 78
17 83
84 85
37 67
39 2
81 78
10 75
52 12
39 39
33 53
4 28
16 62
79 45
73 2
26 85
39 1
46 23
44 15
49 4
31 42
68 57
76 47
27 80
5 69
75 9
75 50
66 79
31 50
34 25
20 26
85 20
14 4
53 57
34 63
25 77
69 8
9 27
27 43
2 30
32 69
23 47
64 39
82 47
30 47
39 70
37 21
3 46
73 15
73 56
14 74
39 80
21 45
36 34
80 83
75 72
48 9
16 9
82 33
83 59
53 35
5 8
44 26
70 2
29 38
42 62
34 12
81 26
53 38
58 33
62 51
13 40
57 69
8 2
60 78
65 14
54 12
47 8
69 27
80 56
72 47
12 43
34 8
70 80
78 15
10 70
71 82
16 6
16 18
66 17
77 47
35 47
28 75
13 77
31 48
46 55
56 33
25 51
20 56
60 9
2 57
77 68
57 4
39 22
9 23
75 3
18 16
8 23
10 39
76 52
38 63
77 5
40 41
66 16
55 61
27 28
75 51
42 38
77 22
4 83
77 10
38 83
3 54
11 43
35 72
60 33
6 40
79 59
1 6
67 1
58 4
2 40
74 66
22 79
34 36
55 83
46 48
28 3
84 57
77 63
53 19
31 78
85 25
8 16
85 3
33 29
5 73
67 13
77 18
33 40
25 68
47 20
38 7
65 21
37 38
81 66
51 35
44 80
61 15
85 40
51 79
83 84
65 67
14 70
28 6
82 29
78 48
16 11
6 70
30 60
83 6
31 15
18 78
55 24
36 85
31 65
85 43
29 28
1 74
29 61
1 15
33 31
31 27
3 20
25 53
47 47
81 46
34 29
27 79
10 20
50 6
45 49
28 57
51 65
65 9
51 30
66 6
83 77
38 5
22 41
4 38
57 83
78 68
34 37
19 66
11 62
34 54
35 62
63 84
23 65
15 76
30 48
37 78
31 73
20 63
7 8
58 83
75 61
16 60
26 80
23 84
24 56
22 70
3 28
30 19
58 72
59 3
7 82
28 7
4 58
85 63
29 6
7 47
61 4
66 46
58 11
20 23
85 4
29 19
7 67
24 25
48 4
81 23
78 41
61 50
76 77
23 69
43 61
50 57
5 68
38 44
16 48
77 39
47 33
45 69
67 69
51 25
82 40
72 66
7 28
76 54
10 46
69 16
12 12
3 2
14 72
20 20
10 9
46 52
11 22
81 2
4 76
34 84
28 66
41 53
35 2
9 8
70 19
52 40
77 20
62 39
13 52
30 64
73 37
78 37
62 68
82 58
68 28
20 27
39 13
63 72
72 31
9 44
36 5
75 20
8 18
85 84
83 6
25 4
78 41
21 67
60 14
13 6
57 20
56 33
40 29
58 71
81 83
51 53
64 24
52 79
52 4
9 28
82 19
63 84
32 46
22 64
69 48
31 30
30 84
15 85
76 11
13 40
31 22
71 66
80 51
82 40
79 46
71 29
70 54
55 77
83 11
56 45
11 66
54 53
11 24
28 49
9 31
58 85
32 77
83 47
2 68
76 14
16 67
37 48
50 37
15 44
3 9
54 45
52 8
24 37
81 51
8 65
68 78
51 55
32 78
19 59
75 19
4 63
50 56
12 60
56 21
22 42
42 11
30 26
48 32
27 62
69 19
82 31
8 18
77 43
70 50
63 49
64 64
70 74
41 72
58 13
27 26
44 77
33 54
41 9
13 3
45 31
30 63
34 29
79 20
75 52
72 1
57 68
62 68
74 53
24 70
24 82
15 72
29 20
74 73
56 29
77 43
34 12
71 45
72 27
8 1
85 80
13 49
56 9
23 72
45 43
6 31
52 73
19 13
72 79
18 71
43 50
61 67
14 65
52 64
22 54
65 9
43 31
46 82
26 76
16 77
36 80
40 46
73 63
25 50
32 27
25 36
12 10
28 36
68 76
53 33
3 23
39 12
72 59
39 57
19 66
57 5
75 66
66 19
57 59
52 4
85 57
50 18
55 28
30 44
43 47
82 17
50 73
6 23
64 55
79 39
85 1
21 77
83 68
30 49
19 37
62 38
5 57
58 57
53 29
62 58
61 63
26 64
26 65
70 61
53 74
10 78
18 45
27 9
42 14
58 6
52 76
6 66
49 36
25 85
52 36
27 53
51 73
38 77
48 82
30 63
55 80
23 34
35 80
10 73
42 43
75 82
40 14
78 7
30 39
19 61
15 43
67 47
5 61
24 70
60 12
49 11
61 30
63 51
11 44
24 81
20 31
12 68
34 84
34 36
35 63
76 13
72 19
58 22
21 49
70 81
50 54
30 20
83 85
1 82
34 61
24 12
63 15
23 81
83 27
45 80
41 11
71 79
11 71
75 6
3 51
58 47
46 82
29 83
66 62
58 23
20 13
37 69
63 71
18 4
65 20
14 68
7 78
58 37
4 28
59 72
2 32
9 15
29 28
49 24
64 26
79 48
11 53
80 71
61 54
41 47
70 44
2 60
35 72
16 77
5 69
17 1
5 34
35 13
27 48
41 13
61 33
6 19
47 8
30 13
74 24
19 60
17 53
58 38
80 45
18 27
56 7
34 2
61 11
49 12
63 61
25 53
22 50
84 33
83 18
50 65
55 81
59 4
76 56
50 28
30 46
61 85
67 12
12 33
27 77
52 48
31 42
54 23
14 37
63 1
28 23
77 59
20 16
65 34
77 36
2 17
49 73
66 3
33 9
51 59
34 43
62 15
80 22
42 21
1 74
38 72
47 65
37 4
46 41
76 78
22 74
13 83
22 76
49 28
32 69
30 2
64 53
16 42
60 6
16 19
47 20
28 79
6 28
15 78
19 63
15 3
76 54
85 9
27 83
36 49
58 20
69 44
33 33
73 31
74 55
36 78
69 73
65 52
24 69
81 85
12 25
67 82
68 2
79 8
73 29
18 64
57 4
22 34
46 71
64 77
12 75
65 10
44 36
60 44
4 16
43 2
79 34
45 21
33 1
15 83
22 56
82 14
62 7
27 35
60 36
41 3
59 70
8 53
14 6
17 51
23 55
74 64
80 20
26 58
8 64
28 73
51 46
68 32
19 28
85 71
9 47
62 40
17 62
62 70
81 72
38 7
24 44
42 41
64 33
55 78
72 7
73 75
20 42
80 67
41 83
57 44
59 44
29 22
27 84
65 10
30 20
62 42
78 69
13 52
16 33
57 30
3 39
48 62
18 38
63 5
31 31
2 29
12 48
21 57
16 59
61 83
2 53
38 56
1 19
84 45
25 56
10 17
2 48
54 54
30 22
13 15
13 3
54 63
76 27
84 73
79 7
79 76
76 29
51 17
30 8
2 59
32 49
29 82
16 64
7 74
14 62
20 35
56 13
38 17
7 74
18 60
13 50
9 80
10 53
26 4
22 82
51 52
80 79
24 82
75 85
26 24
78 3
55 70
57 9
64 63
52 61
57 35
79 68
71 61
7 54
24 34
83 45
38 27
21 34
1 26
37 44
4 62
12 26
16 66
80 35
60 37
9 65
63 85
73 41
3 30
76 40
75 67
66 56
56 38
24 12
18 74
56 55
79 12
4 50
63 39
63 24
26 78
35 31
35 65
84 49
43 48
37 52
3 43
77 76
56 10
68 17
13 32
73 76
78 42
54 31
67 67
67 9
80 72
12 23
64 25
74 16
74 7
65 44
26 15
8 82
22 1
19 44
62 69
71 41
71 67
7 43
81 47
69 79
70 37
9 13
83 40
2 53
14 17
19 1
29 17
3 64
53 33
23 45
39 39
28 65
32 7
72 71
81 24
44 40
49 81
74 54
75 1
83 68
64 21
30 75
36 23
80 26
65 45
31 45
80 34
53 24
50 43
50 7
9 30
50 54
9 59
63 63
76 75
60 74
29 52
40 69
78 76
43 31
5 64
57 64
33 3
81 64
31 60
20 33
31 33
60 41
22 45
63 35
2 73
18 10
46 62
7 37
29 73
74 29
64 80
50 74
12 4
45 47
42 75
78 73
22 28
1 64
15 73
11 44
36 4
38 2
66 48
83 66
66 65
58 68
80 4
20 38
55 77
6 63
50 67
2 40
38 38
56 30
35 53
78 30
28 25
31 60
74 13
52 68
37 41
51 83
7 85
42 85
80 33
65 4
53 19
14 13
58 63
66 32
28 69
71 11
50 68
78 1
41 4
63 75
11 19
19 27
85 30
40 80
17 48
25 31
39 2
58 20
31 49
40 6
58 84
29 41
58 45
85 77
11 75
27 27
26 81
14 76
72 56
40 53
14 26
70 24
25 49
13 85
81 4
28 31
49 62
13 41
14 20
45 3
17 26
47 73
85 81
43 39
59 2
8 71
62 67
41 44
16 28
35 12
47 53
39 74
41 15
59 50
19 85
76 22
36 46
74 55
71 26
70 83
34 53
12 62
76 39
36 42
6 23
84 63
30 85
33 28
61 1
54 60
56 57
38 47
36 71
37 62
50 74
15 45
21 56
54 37
19 50
63 69
61 78
15 71
15 17
16 18
40 40
35 15
72 78
7 51
56 1
56 52
10 28
7 35
28 75
30 85
80 61
46 60
65 73
85 33
38 47
75 9
67 27
53 61
71 16
9 21
80 77
15 60
77 12
9 5
11 8
69 30
32 60
77 54
61 18
59 22
57 15
42 27
48 32
57 2
60 20
31 85
38 78
29 29
44 49
61 52
41 54
64 34
78 19
35 58
38 13
66 23
1 40
1 26
48 45
12 56
61 8
56 6
61 85
24 25
57 16
79 29
6 35
11 36
53 59
51 10
13 34
37 9
60 56
37 57
78 17
34 13
59 54
67 24
14 54
70 61
14 29
60 61
81 73
16 12
12 31
1 77
36 61
13 79
10 19
62 64
8 71
1 79
49 42
45 59
3 74
46 62
34 16
3 33
45 82
72 18
17 67
57 13
17 36
9 24
18 84
72 1
37 39
25 29
80 8
54 1
80 66
20 29
34 15
29 57
50 66
25 59
58 68
7 13
66 31
20 15
5 46
20 7
12 10
67 14
80 59
74 50
32 43
83 43
25 5
5 2
21 30
79 6
4 2
20 73
68 38
57 41
73 67
69 67
66 79
24 8
72 27
81 42
14 20
43 50
29 74
10 10
85 71
79 64
33 33
50 78
26 55
29 47
75 78
83 53
64 3
66 65
5 67
52 37
85 15
74 73
74 40
34 22
16 35
56 49
74 13
10 53
12 80
30 11
47 78
11 63
31 55
45 61
48 62
46 69
37 9
24 47
72 40
26 40
44 23
19 67
28 68
65 82
49 75
6 75
76 7
55 41
19 43
46 34
82 49
78 15
77 74
63 25
29 71
58 77
5 19
42 48
54 16
81 49
15 48
8 77
1 41
33 29
29 34
43 17
83 5
78 66
14 25
38 11
3 67
76 76
21 5
4 85
71 35
51 26
35 54
22 18
12 1
17 44
48 15
32 79
36 57
17 44
31 28
31 46
19 29
67 40
30 55
59 10
46 76
7 52
50 23
53 62
53 71
77 28
53 18
73 70
62 63
34 83
83 35
14 36
66 72
15 69
3 76
1 31
84 30
26 15
75 60
43 28
78 80
70 27
49 38
30 3
80 74
12 34
73 5
23 50
62 77
31 23
66 23
23 7
46 68
10 29
69 20
78 67
7 51
64 56
31 73
45 53
61 41
44 18
61 70
71 68
15 38
54 32
39 65
42 49
54 3
32 9
25 14
11 68
66 31
83 20
24 83
23 51
26 65
12 43
55 69
21 59
73 58
66 28
27 37
38 3
29 56
34 56
4 34
14 85
68 9
65 48
41 75
18 73
50 20
6 47
47 14
52 31
50 54
4 43
76 74
10 51
29 49
45 72
18 71
20 80
2 42
73 32
83 58
60 65
45 16
74 67
63 50
26 71
29 9
58 81
57 62
19 26
35 84
4 16
20 38
29 48
81 84
42 45
54 46
28 48
62 60
7 70
71 26
76 43
12 18
36 31
37 16
21 12
37 32
21 76
38 64
14 24
60 72
78 49
16 17
80 37
74 60
21 81
74 53
61 63
57 30
39 12
28 85
30 42
79 46
77 28
47 70
14 76
40 8
67 65
19 33
49 42
24 72
31 9
61 31
70 70
16 62
44 73
34 38
42 15
43 7
23 2
50 64
84 12
10 53
28 82
60 38
46 65
31 12
37 79
6 36
2 37
6 29
21 19
1 72
28 79
32 73
50 59
38 60
7 15
3 4
18 64
36 59
73 16
12 30
81 17
46 20
27 58
71 40
71 13
35 8
63 34
33 6
6 19
36 75
48 48
26 69
49 74
47 6
27 12
65 7
74 77
6 64
42 53
47 19
79 18
59 9
33 58
82 58
37 57
52 3
70 70
48 16
49 19
10 85
33 35
39 59
55 15
82 43
45 18
38 41
55 14
26 73
52 66
56 41
74 22
45 81
40 74
49 57
71 76
2 83
70 18
50 30
17 29
33 7
56 28
29 80
54 34
49 31
2 51
53 45
48 33
42 84
30 3
62 10
40 13
42 6
7 15
53 47
83 74
73 50
71 23
12 49
40 4
58 17
82 43
12 18
57 12
61 3
4 8
84 56
6 34
12 71
32 74
10 3
30 79
22 59
67 23
78 14
21 29
13 40
85 65
49 57
70 63
23 2
75 62
82 19
60 64
80 80
54 24
66 75
19 28
29 7
78 83
24 24
4 62
75 29
36 6
78 33
57 53
6 37
33 4
28 2
81 41
60 3
2 67
31 38
83 8
17 47
77 38
44 68
35 26
12 2
24 44
23 11
28 72
75 26
31 7
36 7
73 1
11 33
39 62
26 33
82 76
26 75
13 58
83 34
34 73
44 22
73 14
71 36
74 60
74 61
28 24
56 62
39 41
63 21
49 71
51 56
1 5
40 37
68 51
55 45
44 71
85 73
55 80
78 13
35 8
3 66
2 3
47 7
65 13
39 80
64 25
32 2
81 11
74 8
60 3
50 40
67 73
36 56
76 21
39 80
43 55
19 58
39 52
22 3
23 43
46 30
51 57
71 2
9 65
4 69
42 19
45 23
59 61
40 48
7 31
41 22
59 53
56 12
28 63
45 69
41 56
8 34
38 42
72 85
65 71
35 8
41 74
63 25
19 76
59 43
34 45
11 71
45 81
35 77
9 49
17 77
30 35
53 45
75 59
73 51
16 32
18 39
64 47
13 17
70 43
1 84
26 75
56 61
45 67
80 68
41 13
64 11
71 63
38 66
18 52
77 22
14 9
5 1
52 27
24 79
81 31
16 46
84 41
36 21
17 34
2 58
75 41
65 49
74 24
24 15
42 46
14 61
79 74
38 74
52 7
64 20
47 82
72 20
72 70
34 4
2 21
27 40
81 39
79 55
34 74
58 72
43 57
77 85
18 63
17 61
44 63
70 13
43 80
83 60
46 26
56 48
83 40
72 8
52 33
1 46
69 84
47 38
22 53
45 38
20 36
1 24
30 48
28 3
21 55
80 11
37 65
35 43
44 74
84 6
39 4
39 20
85 26
58 14
84 37
44 16
16 70
37 29
30 65
62 44
13 47
37 62
56 39
80 78
8 79
41 81
32 51
21 2
72 11
18 63
17 49
40 11
66 42
77 60
42 40
9 3
48 28
46 23
5 47
57 52
11 26
34 69
38 54
2 84
61 41
54 83
51 38
9 85
55 14
15 64
42 62
53 28
31 71
56 49
62 55
50 60
46 25
61 25
2 14
1 1
38 3
69 19
55 27
22 70
82 64
76 75
69 46
6 35
75 48
50 85
84 65
72 11
60 77
62 8
13 54
47 65
73 13
37 72
44 80
73 78
74 29
4 6
10 25
29 10
37 61
40 39
74 30
16 49
2 69
11 81
13 33
9 62
24 28
9 67
56 83
78 76
41 57
83 70
28 25
39 6
29 54
70 78
59 21
79 5
73 28
36 54
46 61
19 58
43 66
22 45
59 83
53 11
34 14
76 58
52 24
45 16
74 30
84 31
81 64
47 76
4 84
2 41
7 70
49 15
70 72
56 51
45 81
18 74
19 36
33 64
29 37
66 58
27 6
17 73
36 49
53 16
80 80
15 30
68 71
81 7
42 50
41 49
67 68
48 8
45 18
32 60
11 28
3 49
79 14
47 42
7 29
67 70
29 6
84 16
35 24
20 6
22 59
21 6
27 33
56 52
32 82
13 17
30 41
21 15
38 57
40 78
58 7
73 44
47 33
36 81
78 55
78 8
32 5
68 22
63 38
49 43
69 68
31 42
7 26
39 50
51 26
64 27
13 68
18 22
31 7
69 13
42 26
10 77
4 62
33 29
30 16
3 57
73 84
44 33
55 57
30 19
53 40
48 37
17 74
31 70
4 3
30 73
8 50
47 48
41 36
9 50
62 17
26 27
2 84
83 61
51 70
58 66
15 17
80 5
65 52
35 26
73 66
7 57
75 17
3 78
73 4
75 70
57 1
71 34
69 37
41 29
21 41
71 21
40 64
64 1
42 21
7 51
45 2
77 64
68 28
43 9
75 13
47 75
60 48
55 62
18 52
9 60
9 64
26 78
13 43
61 58
68 39
18 75
26 56
50 68
81 3
2 49
15 84
65 14
7 20
30 74
58 85
68 24
38 14
16 77
33 5
82 84
68 27
19 11
31 20
23 6
63 26
62 48
78 82
5 54
28 69
19 17
15 62
74 9
21 59
59 6
25 54
79 77
32 71
16 53
36 41
37 73
23 50
34 53
59 56
26 67
56 44
9 76
53 11
41 62
64 18
55 53
43 15
37 38
52 78
22 36
13 69
34 43
76 60
33 6
11 71
23 13
4 40
38 79
80 57
55 24
35 45
82 3
52 22
14 16
72 36
59 77
18 23
34 35
58 79
59 4
71 36
5 28
59 21
29 48
4 44
22 36
38 31
16 7
60 55
55 20
14 10
74 21
20 9
83 85
82 38
78 83
31 43
53 81
45 70
39 74
27 42
48 31
23 31
82 30
31 24
67 64
31 17
24 76
74 22
48 22
24 73
20 49
27 73
25 60
21 50
9 17
54 8
56 74
47 9
5 17
53 21
69 39
40 65
45 51
19 24
37 20
78 17
83 74
60 37
21 69
62 31
56 19
71 1
1 62
60 50
70 69
5 30
31 7
65 30
26 81
77 39
20 83
34 80
4 58
6 71
4 48
53 36
12 33
25 8
36 68
73 59
21 54
56 46
35 38
65 80
79 23
84 17
83 12
82 36
83 54
38 73
49 23
69 34
57 38
68 70
8 84
32 66
77 39
39 78
23 32
17 75
71 20
45 11
43 32
11 81
79 53
70 81
51 70
75 77
41 37
16 35
5 20
75 9
84 27
37 67
55 67
3 40
46 22
52 43
3 77
7 65
12 31
58 63
64 52
18 80
77 19
63 61
61 45
59 71
68 50
7 52
51 53
44 81
17 10
21 66
13 85
68 83
38 73
85 4
84 10
72 37
34 80
20 65
70 35
34 6
65 79
71 46
1 72
47 82
47 29
39 48
68 83
40 14
72 78
62 70
16 30
52 63
85 2
80 66
84 83
67 30
76 65
15 31
15 43
29 5
41 64
22 14
22 58
2 25
76 54
69 62
1 74
47 55
76 61
10 9
16 29
79 10
27 74
1 49
61 16
67 61
80 44
11 45
18 3
51 68
25 77
13 49
46 66
81 72
73 5
83 70
24 16
7 60
67 23
65 71
53 2
46 75
2 3
5 25
55 40
10 84
28 37
59 72
58 20
27 81
64 73
62 10
39 21
23 38
12 70
70 80
63 57
42 30
35 4
84 65
39 43
58 9
34 17
25 18
62 79
34 44
8 64
51 78
21 68
19 2
29 55
8 79
23 32
21 34
34 50
31 78
32 15
15 27
2 42
30 85
26 9
60 42
41 14
64 22
8 13
79 49
82 17
79 80
67 33
56 17
76 83
53 78
42 50
57 63
71 76
60 62
77 48
78 66
54 28
32 32
21 16
8 56
15 60
59 70
19 46
70 28
79 70
14 5
65 32
45 32
47 67
62 47
33 13
85 15
74 63
52 59
31 68
16 20
23 16
18 49
72 16
3 70
53 3
77 72
85 19
68 14
45 29
62 70
41 20
13 77
52 62
8 67
36 82
74 61
12 40
68 77
27 20
75 52
60 72
17 39
31 31
25 81
18 4
3 7
63 23
24 11
35 76
38 34
66 58
6 78
26 59
25 14
54 12
11 6
3 65
36 60
35 7
45 46
14 57
37 85
52 19
47 36
35 56
67 81
11 1
37 7
31 64
39 74
14 35
26 40
48 49
79 53
1 18
23 52
4 23
18 81
75 53
30 65
33 18
59 4
6 5
31 31
5 76
6 62
10 52
14 45
72 35
47 74
79 52
47 67
13 18
11 82
18 3
69 8
16 48
64 38
44 82
81 74
60 9
34 53
51 69
18 30
49 55
8 69
22 61
7 53
31 57
39 65
51 51
24 20
69 2
2 50
22 36
7 49
22 60
15 6
3 58
13 2
44 42
32 83
83 43
30 51
15 51
77 18
37 83
72 80
28 14
46 51
81 15
70 37
65 68
54 26
19 34
82 42
6 37
15 3
79 82
5 7
60 21
18 74
80 74
73 78
38 34
71 62
8 2
43 24
76 26
85 60
29 60
71 13
21 66
22 75
65 57
12 34
14 15
49 80
59 5
30 64
41 34
37 81
5 24
15 34
35 77
80 30
76 32
16 27
55 51
76 47
6 63
23 66
74 63
59 72
56 71
12 83
28 14
70 77
7 30
56 40
60 52
14 38
22 64
17 20
84 24
26 64
20 70
32 73
23 6
61 55
55 48
63 3
45 82
83 30
20 14
38 11
65 60
70 36
58 19
21 5
