24 181
2 11
1 22
19 12
6 24
13 16
7 19
22 17
21 24
23 11
6 15
14 9
19 12
18 21
15 5
6 4
21 4
18 10
9 8
6 9
2 16
16 16
22 19
16 2
7 17
2 3
4 7
20 2
11 1
17 20
5 16
21 14
11 6
10 21
16 16
18 17
22 12
14 15
14 18
6 22
18 16
18 4
22 16
8 10
22 21
23 13
17 22
20 23
7 18
19 21
22 21
24 18
11 18
22 21
24 9
8 22
1 10
6 6
3 19
3 15
6 15
4 10
18 16
11 16
1 14
21 19
4 8
8 6
24 2
17 2
10 16
22 10
1 2
23 17
11 24
10 11
3 8
24 1
1 22
2 1
18 11
15 14
17 1
2 11
6 21
24 22
14 22
15 10
12 14
6 5
7 22
8 20
19 23
10 20
4 6
24 11
9 24
3 13
21 7
6 11
4 19
9 1
20 4
21 15
9 22
24 11
14 22
12 20
24 13
20 2
5 3
6 12
22 6
15 2
9 2
19 13
10 3
20 3
2 1
6 23
8 11
24 17
24 16
5 18
17 9
12 2
12 19
20 22
9 12
20 4
20 20
10 8
24 22
19 20
10 14
19 12
18 21
13 8
6 11
12 13
15 12
11 14
23 15
2 23
11 19
2 3
14 10
20 14
7 19
4 13
4 18
4 20
22 3
14 24
6 15
9 23
1 22
8 21
24 6
24 9
3 18
17 15
16 23
6 22
6 19
24 12
14 6
8 17
12 6
12 10
19 13
4 15
7 14
13 23
15 17
13 10
18 2
16 16
8 16
19 24
21 5
23 11
