53 1321
39 18
44 39
22 8
41 52
6 44
27 44
39 29
46 32
14 3
14 11
28 15
41 45
19 4
53 24
11 3
47 11
16 26
1 41
39 15
33 14
49 11
43 3
52 17
33 11
40 35
44 42
21 11
2 42
21 7
41 39
32 4
39 52
13 34
15 33
7 12
10 12
47 13
28 16
2 53
43 30
35 28
37 31
18 26
42 43
41 35
17 13
49 36
28 23
12 29
47 16
11 50
4 16
42 32
41 25
20 22
4 23
24 27
6 10
14 1
44 39
52 28
44 15
48 48
15 41
15 21
26 28
23 53
29 51
16 45
26 9
48 16
45 18
14 18
10 48
28 37
28 11
31 13
33 26
51 18
33 20
31 39
25 49
18 21
2 16
8 48
21 36
42 53
33 34
51 9
13 13
29 36
42 12
53 8
50 46
23 14
19 45
5 14
4 6
34 9
38 49
24 31
42 28
21 18
7 27
8 38
52 22
46 32
14 15
2 28
11 20
13 53
12 22
20 16
38 8
2 31
12 41
10 20
51 46
4 31
12 25
9 48
43 2
44 47
38 16
30 1
1 50
24 19
33 20
9 18
15 13
26 24
21 22
46 43
28 18
9 33
12 44
14 40
1 13
51 11
45 23
17 47
6 35
6 23
43 18
26 9
38 34
19 43
49 34
24 34
5 28
12 40
42 38
17 9
15 53
42 40
28 49
47 30
34 17
42 43
44 25
25 28
12 22
3 13
22 22
22 37
21 38
41 31
30 7
12 23
14 4
16 11
30 33
51 16
36 49
41 5
38 41
34 1
46 21
49 16
52 23
8 13
44 19
31 11
41 30
4 38
53 35
38 39
44 22
31 44
37 51
29 21
19 3
17 22
8 47
44 30
29 41
6 6
38 21
48 25
23 35
26 5
36 45
27 45
27 40
34 35
46 26
3 42
34 12
37 42
13 5
2 6
13 3
20 29
1 8
49 27
30 30
12 52
36 51
5 12
2 10
33 14
26 21
16 9
27 25
32 10
24 35
7 2
45 11
31 25
36 36
4 11
27 28
46 51
41 1
33 45
24 43
7 35
42 23
22 23
23 18
35 25
28 52
19 24
6 40
2 6
38 27
30 23
21 33
35 52
49 25
38 49
53 43
6 46
49 32
31 10
22 36
22 35
33 4
37 23
18 3
19 7
47 18
53 43
19 25
45 32
50 24
52 25
41 36
5 50
37 3
49 32
27 34
22 35
15 38
47 47
19 52
13 43
43 16
14 27
6 28
7 32
8 30
53 50
6 25
28 6
17 34
42 43
5 38
21 28
13 30
46 7
17 29
3 42
41 51
37 49
47 18
14 42
25 34
18 7
11 31
32 13
49 36
29 51
39 40
22 48
23 16
16 6
33 53
36 21
1 33
19 40
38 25
18 22
27 19
2 14
52 51
51 16
44 24
11 40
10 44
20 45
20 27
7 22
41 53
48 3
35 1
4 32
9 6
17 18
28 50
31 7
9 9
16 21
11 33
31 45
18 24
3 2
42 36
9 24
26 38
34 2
14 17
32 50
4 39
40 3
23 14
53 26
15 40
34 16
26 46
50 22
25 5
29 30
31 16
28 7
43 8
32 4
53 7
52 25
5 35
44 11
45 46
51 21
47 36
24 9
9 26
14 9
45 6
4 5
2 44
44 6
44 35
6 53
15 53
20 31
22 26
3 17
28 3
50 45
18 7
11 52
25 29
28 28
17 22
10 12
34 18
44 43
48 5
32 25
7 26
15 2
40 24
29 1
19 1
32 50
53 38
27 22
14 42
9 38
14 14
44 49
53 22
19 35
25 37
33 34
26 39
19 14
20 42
1 33
39 10
18 24
4 43
4 51
44 19
19 24
3 23
53 3
35 3
20 31
22 15
17 50
12 51
3 39
3 45
41 26
46 8
53 24
41 44
25 32
19 34
13 11
8 41
5 17
18 37
34 28
14 23
48 27
7 50
51 50
8 3
40 24
22 38
11 41
44 43
21 4
51 24
24 50
41 29
2 45
47 41
32 24
28 30
13 44
7 1
24 5
43 19
26 51
11 45
3 11
16 32
43 32
50 30
4 10
11 11
50 6
7 5
38 44
42 51
14 26
32 47
47 49
35 16
31 2
14 42
41 8
15 4
46 52
51 49
10 20
28 5
38 15
38 51
47 44
20 35
1 29
2 53
30 52
9 3
2 21
26 33
51 48
47 2
41 9
46 37
45 43
29 47
20 18
29 6
26 38
10 18
8 33
35 12
28 52
46 26
34 20
35 12
5 4
1 51
32 26
36 11
44 26
49 15
32 37
6 51
36 37
49 9
47 52
1 35
28 50
12 23
6 8
42 32
34 29
6 53
1 8
32 14
48 9
5 33
43 46
8 8
1 29
53 50
6 41
49 2
30 48
19 21
51 19
15 52
17 48
24 45
17 27
37 20
42 48
41 25
32 14
38 39
18 24
40 42
27 16
2 31
47 8
19 45
30 50
10 1
44 43
27 41
47 15
1 37
10 24
11 1
23 9
7 25
49 12
35 6
33 51
36 51
22 10
35 37
21 29
26 17
43 34
21 18
48 18
36 7
16 46
23 3
29 29
28 32
16 6
45 6
20 45
8 52
18 18
9 28
31 20
30 38
48 14
51 11
25 23
17 25
42 36
4 34
20 49
15 40
13 7
9 36
26 19
44 53
2 21
6 37
14 31
53 10
25 44
18 31
42 23
9 14
42 12
11 34
33 15
48 1
11 2
3 21
46 30
44 39
22 10
15 45
41 22
51 11
6 2
38 2
46 5
35 11
9 43
1 4
34 20
30 13
9 35
11 12
22 37
45 33
16 13
25 41
38 14
46 7
47 40
3 22
6 42
5 12
13 27
12 24
6 51
19 45
27 14
6 50
26 29
19 2
42 24
28 15
18 8
28 18
31 50
34 35
25 6
26 49
21 8
16 6
45 32
40 4
9 23
42 46
52 7
48 30
22 45
45 2
53 53
5 45
53 13
40 53
3 48
38 32
18 17
27 1
24 43
25 42
15 10
45 25
34 40
12 1
40 16
18 11
20 30
40 20
17 7
39 30
30 12
8 14
48 20
36 47
52 22
30 16
24 19
19 50
32 36
52 3
14 48
51 5
2 30
1 7
45 2
13 10
1 40
13 18
16 48
37 4
12 21
15 34
1 41
13 44
4 13
39 19
38 14
53 43
32 53
32 36
51 9
21 20
31 3
35 12
42 2
49 22
48 48
42 43
3 40
23 29
20 26
53 43
4 52
11 2
44 19
19 7
47 26
51 21
51 42
23 53
16 20
30 9
17 9
35 35
16 10
48 40
9 1
33 25
41 11
10 26
30 36
17 13
12 23
34 18
2 44
31 23
41 44
5 5
19 31
7 6
31 46
9 39
26 18
23 16
52 17
42 27
42 23
10 11
48 2
39 35
25 18
53 27
32 39
27 41
30 23
5 35
32 50
41 3
23 45
48 14
17 50
25 24
1 10
16 22
27 27
17 45
6 49
23 34
34 42
7 35
26 44
33 32
6 52
31 48
1 5
37 15
49 13
33 30
36 49
25 25
19 6
1 37
43 29
36 25
30 46
42 52
46 19
24 32
14 48
39 12
14 52
4 34
20 20
40 17
28 13
5 50
29 43
38 46
4 3
4 40
21 20
20 28
1 48
24 43
28 43
34 18
34 16
16 35
42 13
34 46
49 34
30 41
31 20
19 16
42 25
36 41
26 26
30 24
3 28
25 4
41 19
26 45
22 25
38 43
9 13
6 32
44 52
32 10
13 31
49 2
7 6
11 27
32 7
17 24
29 9
50 8
46 8
17 10
24 18
20 39
43 19
39 26
28 26
48 2
26 38
10 22
49 27
1 16
40 39
46 42
3 21
2 14
10 21
9 7
39 3
52 32
51 26
23 6
11 4
44 21
3 15
38 46
42 42
50 42
49 26
40 44
18 21
42 46
2 39
5 40
33 38
22 23
45 44
7 4
34 39
46 16
21 19
32 46
14 53
22 52
33 32
16 51
36 14
34 2
27 31
11 23
29 2
12 14
23 46
43 18
36 48
37 37
48 37
39 52
38 53
28 5
26 27
47 35
1 24
27 33
5 6
10 9
39 5
5 2
6 27
24 22
16 17
35 1
13 8
28 3
32 19
18 44
12 10
22 39
5 16
35 19
43 41
38 38
35 7
8 34
46 1
8 48
29 35
26 17
14 52
24 18
38 25
16 17
52 6
18 5
30 43
43 36
35 14
42 38
14 26
34 10
40 5
50 37
33 26
45 11
18 43
2 31
26 19
14 46
6 27
19 33
33 19
5 1
31 13
22 30
47 35
43 50
50 39
14 41
28 25
45 20
41 23
29 6
36 27
53 24
51 20
1 47
45 8
1 24
27 24
22 29
52 15
51 49
39 22
11 11
35 9
50 29
7 25
30 32
23 38
11 32
21 36
21 37
22 19
29 40
7 6
8 38
31 5
35 3
12 8
16 45
12 15
2 45
22 52
24 1
9 22
52 9
36 24
2 37
18 38
16 10
5 36
27 37
32 53
17 37
10 24
39 20
43 8
25 6
22 44
22 36
40 24
33 40
32 51
21 46
16 45
41 48
13 48
49 38
15 14
30 23
20 4
5 43
18 11
52 7
17 34
46 10
45 41
26 9
36 24
45 14
38 31
37 43
8 26
5 44
24 2
33 53
42 28
48 53
45 31
37 18
20 14
30 13
38 39
13 20
46 10
48 13
10 3
22 9
50 12
16 31
31 19
9 8
36 47
29 30
24 37
51 10
40 44
28 34
39 17
32 19
49 13
43 39
9 30
49 3
33 32
43 51
39 8
17 28
51 21
10 26
47 12
37 1
19 26
30 8
21 7
15 11
25 21
4 1
48 41
36 35
38 46
53 9
2 51
17 25
44 45
53 16
15 33
18 21
5 20
28 12
28 35
18 13
38 48
30 7
30 40
41 46
14 43
52 13
40 13
32 28
35 44
50 46
27 41
24 30
42 20
45 29
1 30
1 1
42 34
8 14
20 50
52 41
24 24
22 33
39 29
25 25
32 34
43 8
48 10
50 39
3 21
9 50
25 43
1 51
30 48
40 6
9 49
11 12
53 31
25 52
12 30
11 38
1 18
49 19
18 1
40 42
12 47
52 53
12 30
47 14
5 13
17 50
8 20
15 48
43 40
37 5
39 36
37 34
10 1
18 31
28 27
23 17
16 25
16 35
1 19
34 15
39 40
17 47
32 49
25 3
45 53
20 16
37 16
15 45
52 13
12 11
33 31
7 7
18 46
36 37
37 4
22 15
42 15
43 19
35 2
12 40
50 34
14 15
45 43
37 44
21 47
26 51
41 41
41 36
17 1
10 35
24 2
29 42
12 49
44 7
45 15
4 5
52 26
15 40
6 50
32 44
23 41
19 33
29 41
8 34
51 30
12 23
42 35
1 26
45 14
14 26
12 24
29 20
40 7
29 27
8 28
42 27
32 41
17 42
44 6
49 34
12 15
38 42
21 38
39 15
46 9
14 32
27 33
1 29
48 34
41 51
30 46
2 51
46 26
49 33
20 26
39 39
42 45
31 36
53 24
53 38
51 42
52 36
53 44
45 27
8 45
36 16
40 16
23 41
35 43
27 8
27 25
7 25
29 52
46 42
50 8
16 33
31 52
36 50
31 10
42 7
28 7
27 40
12 46
18 9
46 20
22 34
39 28
29 13
19 22
3 52
23 42
28 50
20 46
5 30
43 13
36 51
3 30
19 37
21 37
37 46
37 43
5 28
30 12
4 13
32 34
2 42
53 10
26 31
38 46
29 36
12 20
20 27
23 3
27 53
50 4
35 25
37 1
11 38
9 2
53 29
7 20
33 28
16 30
21 35
52 20
32 28
30 46
47 51
4 50
9 22
26 9
15 32
14 36
14 15
16 3
