62 500
23 29
9 34
42 20
7 50
20 20
24 47
45 27
31 36
58 1
33 12
6 22
55 11
49 34
42 45
60 55
54 14
20 30
8 33
23 7
35 36
9 32
26 16
41 7
36 57
35 9
45 41
18 35
54 1
29 22
57 28
20 2
13 4
41 21
46 7
20 9
7 32
17 23
58 18
6 7
3 2
15 10
26 13
7 1
31 28
49 52
45 52
27 51
44 24
34 53
44 50
10 26
25 51
20 47
41 10
6 18
9 47
6 36
2 5
18 62
15 35
32 16
17 8
44 43
12 39
37 15
43 1
11 35
43 56
46 54
51 41
22 36
15 42
38 49
30 33
2 29
12 40
16 19
49 40
39 10
10 1
8 3
50 51
37 55
62 62
16 22
4 40
10 8
29 6
34 3
7 18
44 3
16 20
27 36
26 46
46 27
20 61
22 17
37 44
53 46
3 34
2 13
35 25
52 12
39 10
33 34
43 9
46 58
31 27
53 30
46 46
11 22
7 50
50 17
8 12
25 14
15 21
58 21
53 19
49 10
18 12
1 52
31 23
10 34
7 6
34 54
52 31
9 24
40 27
22 51
53 22
16 1
41 21
15 2
28 45
3 7
39 52
48 23
14 51
61 21
8 44
59 32
43 23
25 9
15 10
42 2
44 16
6 29
41 51
3 30
55 2
10 13
37 31
56 62
32 48
27 1
43 27
51 31
47 49
23 23
59 33
49 60
35 59
3 3
13 52
45 46
3 39
49 48
50 23
50 27
32 5
12 53
41 10
14 23
59 9
27 60
31 52
3 2
49 4
26 23
36 41
3 48
20 25
42 16
8 21
18 51
47 8
7 19
39 5
36 31
40 20
41 30
19 7
38 4
9 12
35 11
41 55
3 60
37 51
6 49
5 38
56 41
15 14
36 27
21 41
4 45
8 19
8 35
1 45
59 17
24 60
26 54
6 21
10 62
7 51
61 38
23 41
35 53
60 50
32 59
49 38
50 14
44 1
32 3
62 46
28 47
42 34
60 32
14 38
35 4
8 22
17 6
30 13
1 13
53 47
3 15
10 55
8 5
37 27
35 55
47 33
45 30
13 35
51 48
34 36
52 10
23 55
1 17
4 15
51 23
17 30
15 17
53 17
49 16
27 2
8 11
5 14
17 23
4 43
9 61
20 22
22 44
29 25
21 20
27 2
25 61
35 26
51 13
27 47
19 6
25 21
37 41
54 45
26 40
50 9
41 5
31 53
20 1
32 27
26 3
11 38
29 60
30 2
5 51
13 8
3 23
33 52
61 13
21 10
47 62
58 39
12 41
44 44
47 16
6 62
36 56
1 46
4 42
48 47
52 33
9 28
15 46
56 4
21 21
49 59
50 62
56 52
10 61
49 54
33 35
44 7
9 59
28 60
6 55
39 38
6 26
29 30
55 43
29 4
20 45
20 51
21 2
8 33
33 58
48 32
21 55
51 53
4 28
39 10
46 13
42 35
51 10
4 20
52 11
44 25
40 9
11 11
29 61
32 59
23 2
60 39
13 38
54 17
21 48
24 23
36 42
2 7
8 7
3 52
18 33
30 10
37 35
52 18
10 4
20 23
18 27
18 24
29 60
11 61
4 25
51 60
58 14
45 51
43 47
44 5
47 58
9 26
37 3
60 38
43 24
54 5
32 27
25 20
50 40
38 34
56 32
43 35
1 41
48 12
16 14
6 30
4 59
32 18
5 52
58 56
12 58
54 54
21 32
41 11
14 40
59 7
39 55
61 32
23 41
38 19
41 16
53 39
55 8
20 55
36 16
20 11
5 40
30 3
7 45
41 28
3 25
25 17
33 61
24 32
20 52
9 45
49 49
60 28
44 50
49 24
13 53
24 44
37 17
54 59
20 19
8 60
27 17
10 45
33 20
46 59
3 43
15 3
9 22
32 38
54 47
6 57
42 15
41 4
24 1
7 58
28 8
4 46
23 59
22 36
7 42
42 32
35 4
45 55
49 9
21 34
33 8
20 9
14 46
48 3
52 26
16 22
8 11
8 37
12 1
5 35
20 24
59 40
44 44
53 20
23 62
28 60
8 61
33 47
45 14
42 46
42 60
16 37
31 40
12 8
32 31
24 52
20 25
35 4
40 52
21 3
36 53
6 19
1 17
48 60
37 19
56 59
34 31
37 1
23 17
53 12
51 47
17 8
19 57
13 45
53 27
53 9
48 52
12 51
18 51
62 61
53 10
48 53
18 15
42 5
2 32
24 55
