42 214
34 27
38 9
9 26
27 16
36 5
29 25
20 28
42 31
13 40
25 23
28 42
7 28
7 41
41 5
41 34
1 35
11 23
9 37
11 20
41 37
38 24
24 4
32 2
41 40
12 34
29 6
35 19
31 4
12 18
16 30
34 41
10 13
1 25
7 31
16 31
30 27
4 1
9 5
15 8
2 4
35 23
1 25
28 13
27 37
9 39
3 39
14 29
40 6
25 42
16 25
2 38
30 6
5 21
14 24
28 8
33 16
1 18
38 32
10 35
25 16
37 29
26 9
27 20
33 36
20 34
12 13
35 25
19 23
32 20
6 26
3 1
22 10
35 35
33 21
29 24
1 25
20 7
12 24
23 22
17 39
28 5
38 33
15 5
17 26
9 37
34 41
23 13
26 31
27 5
42 30
1 16
2 24
28 22
4 6
30 19
19 15
25 34
14 5
5 2
19 8
42 32
25 29
23 7
27 36
8 3
9 23
40 6
6 41
24 15
14 33
13 38
35 36
42 23
40 3
10 2
13 19
19 29
24 32
23 8
7 28
38 34
40 41
4 2
16 30
31 1
42 13
10 3
33 4
34 39
27 2
30 34
27 6
14 41
12 4
40 11
31 24
4 37
20 24
5 26
22 14
25 4
18 10
18 21
8 11
35 25
37 26
25 24
7 11
39 17
36 31
39 15
33 24
37 16
40 7
16 23
18 14
27 35
33 10
4 7
39 37
32 38
14 3
35 35
1 9
40 11
31 3
24 21
11 39
19 24
36 19
10 14
35 42
7 16
18 22
11 23
22 1
4 37
35 35
39 25
30 38
13 10
14 9
34 18
16 3
29 5
24 20
32 11
11 29
10 35
34 23
35 11
27 35
1 35
22 36
39 37
31 17
12 42
5 41
17 40
14 14
20 5
16 42
8 22
18 13
35 35
16 19
24 12
17 11
42 39
34 18
37 35
19 10
14 10
12 15
