51 699
6 45
49 48
36 34
39 37
23 13
49 34
9 13
45 24
40 41
16 2
35 26
49 21
30 51
38 10
45 10
15 10
39 12
50 25
40 36
34 23
3 29
17 49
18 40
48 49
14 43
45 42
32 20
17 21
42 46
38 13
21 25
30 10
5 24
15 21
4 31
49 34
28 20
9 16
41 42
2 34
17 33
32 28
3 20
10 46
46 44
25 16
49 37
30 28
16 12
15 31
44 41
44 36
46 39
44 50
18 41
35 42
14 44
27 23
24 2
50 7
33 33
13 33
14 36
41 31
16 6
32 4
42 49
28 12
11 36
5 15
10 20
43 49
3 2
20 12
9 6
35 33
22 49
6 33
26 21
15 31
30 8
38 21
24 47
12 8
36 10
13 34
47 20
31 47
13 34
39 17
25 29
15 42
43 2
44 37
10 3
29 28
18 18
16 36
14 13
9 43
16 31
3 2
25 19
26 21
30 11
25 7
25 30
12 18
30 25
28 46
37 28
37 41
44 31
41 11
30 37
32 19
51 18
49 26
41 5
7 48
24 32
32 8
37 25
30 16
25 47
3 39
49 23
40 28
29 18
47 13
5 41
43 35
49 10
9 35
30 51
28 44
20 13
3 51
32 19
43 28
3 19
24 51
29 31
20 40
3 21
33 8
47 33
6 5
26 24
11 40
26 38
18 44
50 47
44 43
51 25
29 14
46 18
33 44
8 1
8 19
3 31
12 23
5 33
13 11
29 18
16 29
6 11
8 47
28 22
23 46
27 17
14 49
40 15
13 34
36 21
33 23
46 34
11 31
26 44
3 23
11 29
50 23
42 49
6 44
2 24
25 26
43 5
5 1
6 33
9 17
6 8
3 2
33 17
18 13
21 30
18 4
36 37
2 19
23 37
18 45
1 38
17 6
45 6
29 5
23 37
4 18
6 47
1 48
45 12
10 6
26 40
25 10
45 20
26 17
37 1
29 48
9 20
37 8
27 1
42 11
49 18
21 39
47 26
37 42
22 26
4 48
45 34
18 37
14 7
36 23
12 51
45 44
47 1
30 35
29 28
24 35
25 42
44 11
1 48
42 9
9 10
3 4
23 30
16 47
1 23
37 46
51 2
27 15
36 32
31 44
6 38
33 9
25 41
20 22
44 22
2 14
12 17
50 23
31 9
37 17
47 39
47 48
45 37
37 11
9 13
41 20
14 14
1 37
30 1
12 12
41 23
30 40
40 20
24 29
3 11
2 45
44 25
20 21
33 17
8 46
6 16
46 31
47 26
37 5
51 28
46 49
28 6
36 33
10 15
20 1
23 9
34 16
23 24
28 12
26 18
5 50
47 38
20 41
21 31
24 48
34 1
33 5
37 14
32 34
47 47
19 23
16 15
2 10
46 1
51 46
49 24
15 47
10 45
29 25
23 42
23 39
29 22
26 33
16 48
33 49
30 5
17 6
2 49
32 45
28 45
8 24
25 30
27 27
30 1
24 10
33 35
43 43
22 13
13 12
36 19
51 50
26 6
49 43
23 15
20 6
20 39
11 31
47 15
4 45
24 23
46 25
1 46
23 18
1 49
49 29
35 1
2 25
4 12
9 51
36 4
43 48
3 43
6 27
24 21
12 48
16 45
21 30
47 19
48 35
40 22
22 45
23 28
26 32
42 31
10 4
47 18
22 12
16 13
28 2
15 20
43 23
12 24
20 13
8 37
6 35
44 51
41 27
2 40
15 40
48 21
50 6
3 42
37 10
5 27
51 27
44 24
37 2
25 17
19 16
20 40
13 23
24 24
45 22
21 40
10 12
40 36
13 13
51 48
13 43
48 37
37 49
5 4
11 31
50 3
40 34
9 28
7 22
23 30
16 6
47 43
30 30
16 30
1 10
50 39
27 2
3 40
10 45
40 14
10 47
14 9
11 19
49 38
28 19
18 3
51 32
15 19
43 12
32 1
29 12
7 34
33 51
13 34
10 45
30 22
3 29
27 33
30 22
6 16
19 47
17 27
29 33
8 5
44 22
25 25
21 37
1 9
35 35
27 13
40 9
6 27
35 48
30 48
29 29
17 46
45 49
33 33
22 21
28 43
3 14
42 46
43 7
29 51
38 51
1 19
37 29
41 14
50 40
21 46
4 48
13 41
24 40
41 22
16 11
43 36
41 6
31 31
23 48
5 31
47 4
47 41
5 43
26 7
46 8
4 20
41 22
46 5
25 23
16 46
5 48
44 47
4 36
3 22
27 39
41 5
18 21
35 40
38 26
50 11
44 24
18 36
38 45
33 51
42 45
47 29
30 30
15 1
42 6
51 7
10 41
14 18
35 43
18 2
38 1
18 43
43 47
32 4
30 39
17 48
46 17
51 15
35 36
35 8
26 12
43 49
16 14
2 20
28 2
3 11
51 49
32 3
16 30
22 37
17 7
5 31
31 44
2 51
35 20
29 37
31 13
11 3
25 2
48 50
9 49
8 45
30 27
14 30
13 17
22 14
13 6
28 16
45 18
34 26
4 19
38 41
6 12
44 29
6 26
14 27
10 47
5 31
48 24
2 45
35 18
46 44
18 20
33 7
35 28
34 3
8 21
51 36
3 27
33 4
44 33
35 13
18 30
25 21
36 29
8 4
32 35
17 2
49 39
11 16
24 25
24 48
48 20
24 20
24 18
5 31
8 27
37 24
18 45
4 38
16 12
35 2
31 37
15 41
4 3
29 16
11 5
7 16
13 13
34 4
45 12
18 35
34 42
43 13
47 8
37 2
49 25
33 14
35 6
27 6
29 38
14 40
46 1
19 42
10 25
3 8
18 26
13 10
19 38
46 44
18 51
49 7
5 42
19 29
48 47
21 46
51 16
21 6
4 17
1 29
28 10
21 13
50 44
36 30
50 29
4 40
19 18
49 19
49 22
33 45
47 23
47 2
11 44
45 18
12 46
2 4
24 4
49 33
43 17
41 8
49 11
25 33
14 1
1 26
51 25
5 17
39 45
13 19
44 2
25 40
23 22
4 19
17 43
40 19
28 11
38 13
29 31
9 18
45 31
5 15
1 14
13 17
5 12
34 7
41 32
48 20
38 46
46 20
37 44
20 31
12 37
23 30
17 41
27 49
50 28
38 19
51 35
5 46
26 18
5 4
10 48
43 16
