45 219
32 31
15 33
9 34
28 35
14 13
29 31
8 36
3 28
6 33
45 18
11 37
33 8
14 33
22 32
3 25
28 20
15 30
16 36
22 22
36 20
8 37
8 7
27 8
42 35
1 1
44 12
45 27
21 11
2 11
40 28
5 27
11 45
29 17
38 7
26 15
40 20
23 39
28 33
42 16
29 30
25 13
42 40
2 26
25 9
33 7
14 43
16 35
21 27
14 20
28 19
24 39
25 33
12 44
25 7
2 40
26 29
31 33
16 40
11 26
11 12
18 11
12 12
25 43
30 35
12 29
37 13
25 8
10 27
36 43
43 42
21 18
21 27
6 4
3 23
34 18
15 13
38 44
41 8
43 3
19 22
34 30
16 16
27 12
45 23
6 14
33 17
35 3
16 43
9 36
8 33
26 21
18 45
6 41
40 28
9 27
33 41
11 40
45 14
13 6
42 10
30 4
38 37
39 40
3 11
35 17
8 20
39 29
31 26
40 26
28 41
32 10
4 5
15 35
21 42
5 10
37 41
37 2
29 2
33 14
21 32
35 31
22 14
7 14
18 21
44 15
34 20
33 30
16 38
41 35
30 27
10 36
43 31
40 37
2 19
44 12
21 42
28 30
2 11
17 34
13 14
26 40
44 11
17 40
21 38
21 7
36 27
16 39
29 45
22 35
3 27
36 30
35 22
43 44
4 27
19 27
8 32
21 4
20 39
6 26
33 10
11 41
26 22
17 5
36 32
28 16
27 27
15 15
37 13
25 34
37 5
43 33
33 19
8 35
20 38
37 4
26 8
44 26
13 25
33 8
9 35
15 42
43 10
24 21
31 35
13 41
44 14
39 18
44 6
40 29
20 28
13 15
44 31
19 26
23 24
15 24
9 32
36 26
14 11
5 5
14 2
39 35
20 20
18 2
3 43
24 7
19 38
35 12
36 8
4 2
44 2
18 38
11 29
43 12
27 33
1 32
13 8
23 20
7 33
17 45
