50 666
28 40
8 46
40 50
22 6
27 23
49 23
30 36
30 17
40 22
32 40
32 13
30 40
11 15
41 20
23 10
20 38
30 20
38 14
9 12
7 23
19 11
17 30
49 41
21 46
29 22
30 7
28 5
27 40
18 3
2 24
35 48
10 41
21 27
19 50
27 37
48 40
50 32
36 40
21 43
38 34
38 40
47 13
24 22
47 13
27 17
13 42
26 10
44 26
39 34
2 35
16 5
41 25
10 22
48 3
48 39
1 16
6 11
27 1
36 21
42 20
28 29
32 17
50 1
30 12
7 3
24 8
39 16
9 7
28 22
24 26
27 46
25 37
7 49
43 5
36 29
40 7
4 26
10 4
41 31
3 32
1 21
9 30
24 36
3 39
4 16
25 42
38 14
49 13
37 22
44 18
12 1
32 12
50 28
24 44
41 5
12 3
33 35
20 42
36 29
5 29
2 23
13 39
49 38
29 49
42 44
44 37
7 40
5 18
8 37
31 22
28 27
15 6
4 7
50 18
31 40
20 13
29 30
43 28
30 48
29 27
39 29
32 17
33 4
38 29
12 19
17 13
47 17
1 7
32 21
3 9
45 48
3 13
22 4
27 31
2 40
44 21
33 5
44 7
8 10
5 20
40 26
42 32
49 47
33 14
38 35
29 10
23 33
50 43
47 8
27 24
44 22
25 40
32 18
27 10
15 10
10 43
20 38
17 35
3 33
23 12
50 47
39 16
25 2
20 44
30 26
17 25
18 40
23 7
44 28
36 37
10 40
2 10
32 22
11 33
15 11
10 39
28 48
20 38
16 15
18 27
5 21
12 7
24 35
16 30
35 27
45 8
18 48
40 50
48 6
19 49
29 30
24 44
3 48
7 19
34 12
8 14
10 6
38 22
46 29
8 27
34 26
31 30
18 34
28 24
36 35
2 24
4 38
30 46
27 3
11 50
15 35
16 12
31 11
21 25
41 31
35 7
30 47
23 4
9 46
15 10
40 40
46 47
44 16
31 42
20 23
4 8
50 38
31 9
32 27
26 30
35 30
40 36
48 48
39 3
39 48
28 46
18 45
47 7
47 29
47 35
41 28
40 46
17 10
20 45
23 50
2 6
38 10
29 1
41 15
12 26
14 34
21 29
34 10
20 5
2 37
39 17
1 6
12 22
14 3
42 3
4 4
19 34
33 29
6 35
26 20
1 8
44 50
47 45
26 27
16 14
35 2
14 5
47 13
47 39
8 38
6 40
25 14
16 31
4 3
15 23
34 17
30 32
2 41
33 37
11 20
1 16
6 34
24 7
27 33
30 36
3 33
8 2
43 2
36 40
22 36
31 28
32 42
12 50
21 29
33 22
46 28
19 30
30 9
15 4
13 18
21 28
23 5
14 10
49 7
41 44
12 41
8 33
43 28
43 37
16 28
36 9
40 23
29 36
8 2
15 20
11 2
34 20
43 2
45 26
5 35
32 34
19 37
6 17
7 9
48 11
25 6
33 45
9 40
45 4
10 19
23 32
31 2
19 43
11 42
22 36
9 39
7 42
23 4
37 30
22 1
24 15
37 23
18 37
33 35
29 9
12 49
37 13
36 32
24 50
26 20
21 15
44 37
43 23
22 39
36 43
32 34
1 29
28 33
7 48
49 43
7 20
6 32
35 6
24 42
11 35
24 15
3 16
32 15
25 21
40 6
20 5
38 24
20 10
12 24
1 48
47 14
26 11
21 21
4 28
15 24
31 15
11 25
3 8
31 5
39 42
31 49
29 21
29 15
15 23
36 15
21 32
17 30
21 29
9 36
8 7
15 28
37 33
30 25
1 28
49 25
42 11
23 46
20 38
11 1
35 2
20 42
6 19
6 10
44 14
6 28
42 6
47 29
36 4
25 43
8 44
19 40
7 47
10 23
42 23
12 12
1 44
4 39
36 16
45 48
20 13
49 15
43 34
8 38
36 19
45 5
9 20
22 11
50 24
27 5
21 7
28 6
35 49
44 6
22 8
36 41
24 46
34 12
11 20
13 47
1 23
44 17
2 43
28 20
33 42
9 48
46 37
40 42
34 28
19 9
17 50
17 22
36 6
4 35
9 3
45 13
46 23
6 37
33 7
29 28
48 40
28 45
19 6
3 44
25 47
44 12
37 25
30 13
7 30
43 17
24 28
43 44
26 30
42 3
21 45
49 47
42 48
26 33
33 14
39 50
24 45
21 45
25 37
17 29
3 10
19 18
25 14
32 30
8 13
46 37
49 18
1 35
45 37
32 48
13 32
42 34
20 37
36 4
19 47
9 27
1 43
19 36
8 36
37 7
39 14
14 9
14 7
50 18
47 36
44 14
43 9
6 16
16 46
31 34
6 25
25 34
4 5
3 13
45 15
39 29
27 2
15 6
19 17
14 4
3 46
48 13
20 46
47 48
38 49
49 29
11 33
19 37
30 25
32 29
39 39
40 50
22 32
19 28
48 32
1 34
7 44
45 33
33 8
48 18
1 50
37 30
40 36
45 44
22 27
4 40
3 39
42 39
7 21
16 27
47 3
19 10
36 11
13 21
2 27
34 43
49 26
47 48
29 9
14 10
35 4
1 40
46 6
36 44
23 40
15 17
7 26
25 23
7 8
28 26
41 14
43 23
23 44
47 21
41 1
8 23
21 43
14 50
36 19
30 16
22 18
48 32
29 21
23 10
20 15
21 16
9 35
7 40
22 29
43 7
49 35
23 35
24 35
31 12
39 31
4 20
21 28
12 50
9 11
27 37
50 35
42 36
44 47
35 8
24 45
46 45
22 41
30 48
35 1
46 30
13 37
41 4
45 44
13 37
6 1
8 42
20 32
10 16
40 32
33 9
21 50
18 18
7 37
3 46
21 30
22 6
12 38
27 48
48 35
37 36
21 44
8 23
25 28
35 34
11 11
35 21
48 40
41 18
46 5
30 13
47 37
45 12
20 42
33 29
12 9
11 43
18 7
18 32
11 46
7 34
26 47
50 22
3 19
