77 1551
31 64
66 69
66 30
58 56
59 37
64 75
76 36
55 70
30 29
68 58
68 55
57 21
6 37
47 56
3 56
46 57
63 63
64 28
5 35
29 14
18 72
21 10
21 52
37 17
16 8
59 56
3 61
75 43
47 19
61 40
39 66
6 71
74 8
17 17
44 62
17 68
9 27
76 44
27 61
29 20
22 55
56 1
4 64
22 5
54 18
13 49
16 29
59 44
70 53
68 34
11 32
76 32
51 11
59 27
36 10
25 76
3 24
18 45
23 3
49 23
13 19
65 29
35 47
64 64
54 2
44 33
14 45
4 69
45 7
17 76
58 34
51 48
38 14
10 59
51 36
15 45
47 66
23 64
23 16
66 32
49 52
52 42
50 34
60 22
69 60
12 18
9 61
25 28
57 46
35 61
57 60
69 22
28 72
56 6
73 38
36 13
76 47
31 69
23 68
66 77
64 51
3 67
2 32
5 28
52 68
70 37
16 49
28 14
60 41
71 12
10 56
59 67
59 33
42 60
56 16
47 27
23 22
50 54
36 73
61 60
45 27
5 68
63 66
39 61
76 16
4 32
51 74
21 46
71 27
25 19
59 68
25 8
15 63
36 25
51 61
21 70
3 4
49 40
37 45
38 31
41 14
37 18
12 69
48 31
62 2
39 63
71 53
57 67
48 20
53 53
73 48
30 63
39 24
47 73
56 61
7 58
23 39
27 29
41 51
58 66
34 55
56 65
60 22
41 27
61 29
26 69
48 34
25 15
61 60
52 37
8 17
2 42
73 75
68 3
48 9
24 21
39 17
59 17
28 44
69 29
28 37
45 62
17 6
32 28
9 32
20 38
61 1
39 35
9 18
18 60
17 6
58 3
17 22
18 59
47 54
48 48
32 18
26 51
30 44
28 73
3 67
48 12
59 71
52 66
60 54
45 48
52 69
48 65
62 33
34 7
22 14
24 57
20 6
25 23
23 62
74 8
35 21
1 48
25 11
22 63
52 57
8 5
77 67
27 36
38 77
26 30
68 65
16 49
13 24
67 23
61 39
34 52
9 67
20 1
5 45
69 7
43 17
39 73
34 14
26 29
45 75
16 16
46 21
68 70
61 65
44 59
64 46
35 27
52 73
48 24
49 37
54 43
28 43
20 45
51 47
54 16
40 33
7 68
77 26
77 22
73 19
74 18
35 33
19 18
9 53
58 32
64 69
63 27
4 17
7 49
40 63
20 19
62 63
13 69
6 58
54 15
46 37
74 46
63 40
33 19
56 38
71 56
38 51
66 56
24 69
42 62
36 67
34 3
6 29
34 7
45 76
5 21
25 44
76 16
14 19
20 77
19 57
26 74
7 34
37 41
59 42
19 8
11 77
55 20
14 21
8 5
14 21
17 16
13 16
47 62
37 54
59 18
58 67
19 24
16 42
12 72
35 67
12 38
15 16
30 46
66 8
44 47
38 58
8 71
48 1
52 52
47 1
57 63
13 30
56 68
8 28
77 55
46 77
33 74
26 68
63 17
54 59
1 11
55 21
74 46
27 12
47 27
55 24
8 67
62 27
43 19
43 60
44 60
70 52
3 19
9 14
74 16
16 33
66 21
60 36
13 73
74 76
21 64
77 14
48 50
51 23
55 59
36 18
31 19
40 56
43 47
71 50
12 31
16 2
53 27
8 66
30 76
33 19
48 54
21 3
58 5
71 25
73 30
31 16
38 32
14 32
29 23
70 71
8 29
64 70
70 19
65 55
76 63
52 59
38 52
75 72
55 58
63 11
25 32
1 14
63 18
20 11
49 18
27 46
54 21
8 47
8 54
47 3
46 52
61 36
56 53
49 28
29 37
46 75
37 38
39 27
70 60
66 66
45 49
39 77
59 34
72 5
52 71
59 18
46 6
25 60
46 30
27 5
29 51
31 1
37 67
16 18
21 75
29 71
69 19
67 59
4 32
53 20
48 73
18 36
3 15
21 15
46 77
33 8
21 35
9 52
29 76
15 15
60 55
64 77
30 40
1 31
62 37
28 68
60 28
38 48
21 17
29 24
24 76
13 57
33 8
41 21
16 71
33 16
27 12
56 2
2 20
5 45
58 33
72 74
53 43
51 2
18 21
55 9
60 28
51 57
41 8
22 21
46 38
50 19
40 45
21 11
49 5
63 64
12 63
24 57
12 73
41 13
73 71
63 17
76 42
66 31
28 9
73 36
68 12
12 77
48 41
22 37
21 52
14 42
55 69
53 1
13 57
34 30
16 42
40 68
35 72
1 42
2 69
29 3
60 42
68 71
6 51
50 23
48 39
11 23
17 40
3 70
32 23
65 69
35 41
76 26
53 13
33 12
67 35
26 30
49 29
60 23
17 25
29 60
15 9
20 39
55 24
61 63
75 5
64 41
4 15
31 59
15 39
36 42
65 29
26 54
36 52
75 23
34 34
42 61
15 24
22 69
73 71
27 5
39 60
39 42
23 57
44 41
70 74
14 66
33 4
69 10
12 5
16 53
48 58
74 6
45 77
41 39
7 62
52 13
76 56
55 45
8 23
67 76
15 11
20 77
33 77
24 60
65 74
28 18
1 7
68 45
42 62
32 51
15 42
28 37
4 36
26 64
14 2
68 7
8 35
21 56
57 58
23 72
55 9
29 33
39 1
70 59
1 38
2 32
74 33
55 9
50 58
69 32
77 56
7 18
34 59
19 74
57 25
61 67
68 36
62 29
25 50
29 2
14 2
75 20
1 21
77 38
33 23
76 27
55 73
73 32
18 66
41 4
66 5
56 70
41 46
25 66
60 35
15 76
65 34
77 66
26 57
18 25
24 28
28 63
50 67
11 57
54 66
18 52
59 20
29 71
60 16
13 44
51 64
29 50
13 16
2 11
10 47
28 55
62 68
23 22
5 75
17 63
68 3
35 5
36 13
67 31
60 21
59 60
19 48
45 52
6 45
1 41
70 62
14 24
73 75
63 8
54 12
48 16
75 27
7 5
47 36
9 52
40 60
8 69
50 44
45 51
3 26
43 43
13 35
64 38
11 5
33 69
63 18
52 53
76 26
34 48
38 52
37 30
53 49
21 17
55 29
54 33
73 17
60 50
34 24
67 30
62 73
20 4
3 6
46 32
44 23
46 39
1 22
48 5
22 48
3 60
48 12
71 14
30 61
48 30
66 59
6 75
2 34
53 18
12 16
61 59
46 46
7 64
58 58
9 18
75 2
53 68
40 65
16 15
11 6
68 71
22 48
19 41
43 54
38 33
60 65
18 38
62 39
16 37
48 64
29 54
47 37
15 56
48 39
76 31
59 1
51 67
55 76
69 41
67 31
53 1
53 35
9 1
49 48
52 50
57 71
49 3
67 4
4 17
3 26
58 9
36 77
42 75
17 35
47 73
22 38
73 44
27 6
38 19
9 1
44 20
24 44
42 7
10 59
76 12
75 26
53 67
18 61
23 1
10 49
76 23
64 43
30 32
42 77
33 14
54 62
63 49
45 77
4 3
73 40
12 3
74 40
5 10
28 47
20 50
72 63
28 12
53 65
25 20
66 6
50 61
30 59
53 24
56 46
3 65
64 10
39 11
57 54
56 70
22 12
74 30
5 35
19 49
24 57
58 11
28 33
32 17
47 28
25 16
68 31
18 25
56 67
5 53
22 55
54 64
57 68
29 2
33 25
71 70
32 34
15 20
48 63
50 37
29 26
17 1
49 21
12 37
34 40
24 9
17 16
2 5
44 67
20 42
26 10
53 53
35 10
56 62
65 14
64 24
7 23
21 45
60 75
57 54
6 4
2 42
13 37
74 56
47 33
28 29
20 35
11 58
2 64
16 1
68 11
17 68
48 35
14 57
18 55
20 12
32 3
2 10
47 35
14 43
46 75
6 15
3 72
60 64
52 42
72 9
37 32
29 75
29 62
3 4
59 15
24 21
73 40
50 5
5 19
63 65
60 50
37 68
35 34
67 23
67 18
31 5
39 1
25 27
27 63
16 65
64 27
39 20
36 60
76 39
8 46
51 71
76 54
46 15
68 33
51 48
44 12
17 11
42 45
63 31
16 25
53 22
41 20
49 64
36 7
56 72
51 43
46 52
61 13
56 55
8 9
5 17
29 7
42 33
46 65
52 36
40 54
68 21
75 59
31 7
45 18
40 34
25 10
47 37
12 46
53 27
29 69
9 2
51 62
16 19
8 21
65 42
74 46
36 11
52 60
36 27
68 25
59 49
34 58
63 29
3 74
72 48
10 65
2 11
68 58
44 58
3 4
60 44
71 53
58 31
49 31
49 36
75 74
70 59
44 26
74 18
63 37
40 44
38 2
30 11
75 41
15 73
66 71
17 11
50 40
44 65
26 71
62 58
60 4
44 73
49 37
18 60
38 6
44 25
15 67
13 47
30 7
18 37
73 36
62 61
41 12
70 10
27 64
47 52
3 45
73 2
37 45
21 38
31 27
32 40
4 41
21 61
37 22
27 40
23 19
39 12
18 31
21 52
1 58
5 45
7 65
58 62
46 5
72 45
41 71
32 34
59 45
26 27
52 34
1 22
24 49
21 72
10 11
71 23
33 71
3 42
8 6
72 14
62 45
4 19
7 68
9 16
1 75
36 10
60 52
6 76
21 12
12 26
23 9
12 67
73 35
20 49
64 31
42 34
1 4
19 56
45 52
40 20
39 60
38 71
24 19
10 2
52 66
25 51
9 2
69 29
6 72
30 28
77 40
15 58
13 73
33 63
63 17
72 25
25 59
57 5
30 8
69 50
19 15
56 48
51 68
6 22
48 49
20 34
28 31
44 69
37 34
43 29
46 24
52 32
58 21
30 40
73 57
12 73
71 14
5 52
65 66
72 48
5 6
22 41
5 35
3 47
24 65
26 16
18 10
46 67
65 68
28 15
60 3
58 8
74 32
44 18
4 18
49 44
57 36
5 62
22 43
40 30
42 52
59 25
8 25
61 14
57 67
40 50
20 70
16 72
13 63
48 16
56 34
4 7
2 45
16 50
54 39
10 71
33 15
69 12
65 41
67 31
5 15
44 66
3 1
12 15
70 72
18 7
64 63
8 4
61 2
41 30
72 77
42 66
54 14
31 24
27 18
53 14
28 30
50 41
71 41
67 48
30 30
41 39
42 72
69 44
64 28
24 26
9 7
77 1
21 21
38 61
21 60
4 38
21 19
11 60
50 6
5 21
69 8
47 39
37 5
7 37
2 1
52 33
28 32
71 41
58 5
15 20
71 8
71 55
24 16
23 19
3 47
62 37
56 49
29 19
64 12
36 35
11 74
8 8
20 75
57 74
70 1
30 25
71 32
69 64
41 69
60 15
10 46
43 24
34 13
21 69
38 58
68 47
71 31
28 35
38 40
52 35
36 51
20 60
12 70
16 63
36 1
14 76
64 63
45 55
70 50
62 17
60 55
33 51
11 21
55 77
70 33
61 12
49 54
71 64
42 11
53 65
10 9
21 62
48 50
1 61
62 4
7 76
37 23
49 16
48 46
12 64
59 76
5 65
52 5
60 60
6 54
10 71
5 22
65 56
23 20
25 50
57 12
33 77
32 66
61 10
46 41
8 49
36 18
26 54
8 20
54 42
7 40
15 19
11 26
33 42
76 13
40 42
71 24
50 15
61 36
48 46
57 74
27 8
53 31
19 49
55 46
65 34
35 77
70 40
34 57
1 18
26 3
13 39
40 52
56 38
70 57
16 8
63 75
76 40
53 28
64 34
11 74
58 77
14 26
46 1
65 8
27 33
29 59
37 6
14 75
22 61
5 10
1 32
74 62
40 48
55 44
72 48
30 71
17 10
34 24
3 70
22 22
50 45
65 56
17 57
72 5
1 56
64 49
52 48
26 63
21 20
43 33
71 1
57 57
51 74
18 48
25 21
15 55
32 29
15 56
29 50
75 47
7 59
49 4
41 41
16 48
75 28
59 7
55 22
48 28
76 44
20 13
67 62
3 48
47 32
11 40
4 77
24 66
8 46
72 52
32 73
46 74
11 29
54 24
35 22
57 68
61 42
75 45
33 4
10 20
66 75
45 59
58 67
9 20
76 22
9 18
60 12
57 54
21 53
33 15
31 22
50 3
69 43
4 14
24 31
63 52
24 64
62 77
26 13
65 26
66 52
16 20
24 43
52 74
6 36
50 24
60 24
61 24
32 73
28 20
70 1
5 38
70 55
40 55
8 44
8 71
74 68
35 24
11 13
4 76
21 54
74 2
37 52
20 20
37 30
2 49
57 25
50 12
3 34
2 63
8 37
68 36
15 59
66 67
12 65
34 22
18 3
46 56
49 76
47 57
68 55
2 77
30 48
30 6
21 3
4 48
64 54
17 48
70 55
52 22
53 50
30 26
76 49
4 21
26 53
63 10
39 67
26 64
46 30
5 74
58 71
64 76
44 61
40 51
24 41
68 66
63 12
34 37
9 21
41 68
61 36
66 51
69 13
71 18
57 7
4 58
65 1
51 35
44 49
73 39
74 16
12 60
51 2
52 53
56 11
39 7
33 19
18 42
3 13
59 5
55 19
42 29
25 26
8 20
58 61
59 25
20 61
3 22
7 67
7 77
23 41
49 4
18 73
63 62
20 23
53 60
10 26
70 13
58 8
76 61
12 24
43 35
33 16
48 71
20 73
13 59
47 70
28 21
13 10
50 3
66 16
60 5
43 47
24 25
10 27
22 8
68 71
11 25
51 9
67 6
64 37
37 31
23 10
68 1
39 58
45 49
19 68
64 49
68 45
1 40
61 59
64 38
50 52
42 14
69 43
68 61
23 23
71 50
72 46
40 22
77 30
40 4
72 10
63 52
70 8
12 37
38 10
13 23
67 29
9 56
77 64
2 21
65 52
71 12
64 69
36 56
45 4
33 70
16 1
75 12
57 22
7 2
51 47
40 56
1 52
14 2
20 44
75 29
22 12
39 3
55 77
45 38
24 45
51 44
52 27
28 40
63 44
