67 1336
43 3
67 65
13 41
4 25
50 21
42 23
49 67
26 3
11 14
45 19
10 51
14 15
28 19
38 9
61 25
65 30
3 23
14 32
28 13
44 6
56 1
33 36
66 4
65 66
46 66
37 11
44 64
34 29
53 4
38 43
53 53
24 54
61 51
49 38
41 12
54 58
47 47
37 5
10 38
49 67
9 57
56 6
45 22
54 9
34 48
55 43
51 9
13 42
41 60
21 20
26 15
66 27
8 3
39 56
23 57
66 64
9 4
5 65
8 21
22 65
66 15
7 22
46 8
5 26
51 36
32 19
58 38
35 13
2 13
38 9
12 8
60 59
19 11
28 11
37 4
40 39
51 58
34 30
13 22
55 46
63 65
45 59
63 30
50 66
33 41
59 65
9 23
47 56
15 67
9 46
10 43
52 44
33 8
60 8
41 8
65 62
8 43
18 44
14 45
59 23
59 58
30 56
25 12
31 57
2 43
6 65
50 63
4 56
3 49
6 11
42 43
1 60
14 22
41 60
52 65
62 9
34 61
30 51
29 11
6 2
44 36
30 4
59 23
30 57
27 66
50 47
1 45
21 2
26 3
46 24
30 58
3 2
64 3
40 9
51 43
29 34
26 22
65 30
47 30
59 35
45 3
39 44
51 1
20 5
67 5
55 24
54 39
66 57
3 46
55 13
24 39
15 33
42 62
37 14
66 17
19 36
11 46
57 24
57 4
5 48
31 3
50 46
63 10
50 25
35 42
54 27
66 66
15 5
63 42
53 62
21 44
30 60
25 49
24 39
54 3
55 39
29 49
38 56
43 22
60 25
40 3
13 64
62 24
66 38
3 62
23 56
51 31
65 22
65 33
2 56
47 5
39 31
51 29
63 42
27 53
10 55
20 12
27 31
15 13
60 17
45 38
42 37
3 5
32 46
45 29
29 60
28 59
18 7
17 38
48 29
20 56
3 43
9 53
11 11
29 40
34 20
3 49
15 15
47 55
36 2
24 16
26 21
31 9
53 25
8 50
20 23
12 49
64 41
34 42
23 52
66 42
2 6
12 44
17 37
52 53
27 14
14 6
16 8
65 9
54 65
37 8
37 49
25 24
21 58
4 65
48 38
56 5
42 67
27 9
8 64
8 49
34 13
28 14
44 45
44 3
65 61
63 53
32 48
67 28
26 24
44 17
63 14
34 29
32 25
21 61
51 4
2 18
64 2
25 24
49 13
7 55
64 2
63 27
51 50
58 31
17 67
22 22
31 6
26 66
35 40
30 22
25 22
41 54
65 53
47 17
3 13
21 11
5 16
13 58
28 5
20 49
3 2
15 11
66 7
19 63
53 12
49 50
53 33
37 31
35 37
8 15
34 47
7 40
58 33
41 19
48 8
26 23
46 29
35 3
40 35
65 6
3 36
66 8
64 65
24 24
36 24
26 43
27 35
58 24
31 51
10 67
41 12
53 5
14 27
49 39
60 26
34 7
5 16
28 18
33 46
64 2
52 23
40 20
28 45
42 33
10 10
8 46
13 59
63 37
14 66
28 52
48 2
62 33
27 48
12 46
16 9
4 11
11 52
63 14
54 62
20 60
67 44
53 22
11 30
50 18
34 32
28 44
30 26
54 30
48 44
56 60
38 13
3 64
14 50
50 42
1 37
3 8
3 26
51 16
27 41
5 28
45 67
36 48
54 9
13 3
21 43
60 55
12 33
56 37
34 40
30 16
3 14
6 40
2 26
35 60
34 45
3 56
13 55
1 47
65 3
9 63
49 12
1 40
7 63
14 54
34 31
54 54
14 24
66 35
67 58
2 12
17 27
57 29
29 16
60 41
37 63
7 58
6 2
16 48
4 16
29 19
42 48
42 34
17 43
16 62
35 65
11 4
59 9
65 41
56 42
47 44
27 52
19 4
40 59
39 62
60 23
35 32
4 45
49 50
31 40
52 28
21 63
8 67
61 55
54 53
37 17
62 32
67 15
36 43
26 31
11 17
62 67
67 40
6 50
27 24
20 3
17 38
54 65
9 44
37 50
16 4
52 32
15 65
67 29
19 43
28 36
30 62
1 26
19 37
44 12
50 13
52 25
2 48
35 30
47 62
17 61
64 12
32 48
32 16
50 2
51 47
38 58
61 31
10 9
18 18
58 33
27 38
20 35
5 1
51 35
23 2
52 45
18 62
43 29
54 38
48 23
53 18
44 13
12 61
6 32
31 10
39 15
53 5
47 4
4 12
48 39
64 34
31 14
64 49
4 3
10 55
62 2
48 45
20 36
8 19
45 15
15 37
41 44
48 35
4 65
16 65
49 66
13 5
66 64
48 54
36 9
5 62
53 30
55 58
17 43
48 1
19 41
33 43
48 25
2 65
67 50
38 50
43 11
26 56
25 57
51 6
53 10
55 9
5 24
54 50
64 28
8 57
54 33
51 24
31 66
60 61
42 37
47 54
40 39
40 10
13 45
1 32
22 47
16 59
6 6
6 61
51 63
48 53
21 9
20 14
20 2
28 2
24 63
59 6
25 37
13 42
17 31
66 27
41 23
64 13
26 37
51 51
8 1
53 67
35 38
64 52
51 6
3 11
60 2
65 26
48 49
57 11
65 54
59 25
4 49
4 65
64 13
43 24
14 53
1 3
22 12
19 20
15 56
22 45
42 40
40 19
30 33
7 58
65 1
40 23
60 28
36 46
21 59
5 50
10 12
15 54
15 52
30 45
52 62
57 2
3 49
1 4
7 33
62 26
23 45
44 22
29 16
46 3
21 11
7 44
65 22
19 29
64 67
21 57
46 4
32 66
19 21
10 58
7 19
12 24
49 4
11 67
45 55
65 64
9 63
31 37
49 24
19 13
51 53
27 27
1 65
12 50
54 31
24 42
64 30
11 53
60 67
5 58
47 61
60 38
28 58
39 52
17 21
30 54
25 45
64 37
45 27
12 42
25 2
3 67
63 44
9 3
20 51
55 7
28 22
19 32
16 59
32 25
13 28
15 20
42 49
43 37
31 13
50 17
20 19
64 35
21 40
35 50
37 14
33 55
35 57
59 32
9 43
53 13
23 55
6 56
12 36
66 24
23 8
26 34
16 17
41 19
7 4
1 45
66 49
2 54
59 27
55 42
60 18
53 60
16 53
57 59
48 19
13 38
56 9
42 49
23 13
16 26
29 39
25 3
61 6
52 39
8 49
19 15
58 27
41 60
28 36
18 27
43 44
64 52
37 63
21 21
2 1
43 48
9 4
33 19
35 59
58 42
44 51
42 60
42 18
62 20
9 27
21 16
27 52
51 11
2 40
25 4
8 18
18 53
13 21
38 10
5 64
3 8
6 34
22 44
23 39
62 16
55 42
25 65
20 24
44 53
42 7
58 1
2 57
24 61
18 8
50 38
21 59
59 59
45 56
7 43
38 37
43 29
43 47
34 5
43 55
36 37
47 19
5 37
24 21
35 26
6 25
33 54
29 44
17 49
50 55
50 22
2 65
45 20
47 56
30 40
27 48
44 2
27 17
26 19
23 49
27 1
7 65
24 37
2 55
4 10
24 30
19 28
17 15
22 23
2 37
46 45
53 39
8 41
61 1
19 67
23 43
67 41
58 57
6 33
8 32
46 23
45 56
53 67
48 1
33 37
37 16
5 51
37 10
54 34
13 48
42 2
23 15
9 39
48 60
35 61
4 13
6 34
42 1
34 30
54 61
54 53
3 25
36 48
50 51
59 38
15 22
12 44
47 1
8 17
61 13
54 4
41 13
3 30
6 6
4 18
55 41
34 54
14 31
14 33
63 33
29 46
53 9
63 57
7 15
14 45
48 49
61 46
5 12
61 47
57 22
60 30
50 49
35 2
55 9
23 29
1 45
22 14
46 12
10 32
44 41
63 49
14 35
23 57
64 15
48 56
45 49
52 2
3 10
23 49
22 52
27 15
17 20
43 37
38 52
16 55
64 26
57 61
23 45
41 43
25 14
8 60
12 48
47 37
24 24
16 51
17 11
64 45
24 59
40 55
59 8
34 37
1 21
64 53
7 25
21 46
46 24
31 63
45 27
48 47
58 29
7 5
61 55
45 64
40 33
54 52
15 28
48 35
2 45
56 28
13 41
16 53
53 35
48 44
54 6
2 31
7 62
28 17
38 33
38 38
23 46
34 9
58 3
45 60
58 17
4 50
25 46
34 5
63 64
39 46
52 10
1 11
67 61
24 36
25 50
40 14
38 33
50 21
10 16
18 2
48 33
28 46
18 56
4 52
42 36
21 17
55 57
21 22
2 3
54 3
33 26
63 64
49 43
9 30
14 28
53 47
8 15
51 39
31 11
20 47
3 47
57 29
8 37
29 58
62 32
20 59
52 14
1 1
34 24
67 40
8 65
22 56
63 66
24 57
23 1
37 50
44 29
61 11
45 45
27 58
59 61
62 36
16 65
24 66
67 10
13 37
64 23
23 49
54 38
7 37
16 51
36 9
13 9
43 11
27 50
13 54
30 35
31 41
42 26
45 51
60 23
30 56
36 57
34 2
22 36
55 35
31 40
1 22
6 48
4 48
11 8
60 19
43 3
31 24
43 33
45 34
5 50
57 50
46 10
38 28
49 63
41 27
8 1
51 8
57 57
51 12
54 20
62 26
59 56
66 49
62 64
28 39
1 35
31 25
6 40
25 8
43 20
34 48
18 21
63 36
51 37
55 32
62 64
44 14
62 50
59 47
59 56
67 44
25 45
52 48
31 59
63 31
6 41
11 41
62 63
51 2
10 25
25 26
3 27
56 29
6 61
34 48
5 4
56 54
30 26
1 27
11 31
40 16
33 45
50 7
60 25
40 6
61 24
54 38
47 28
13 58
57 29
5 22
54 38
17 18
48 42
10 55
57 67
38 19
42 27
18 66
3 11
61 49
33 21
26 17
21 44
46 39
28 40
12 35
17 27
61 36
23 52
38 19
42 11
36 62
54 48
20 51
3 51
34 4
28 27
64 46
6 40
25 60
1 28
18 28
36 34
38 33
42 52
40 53
60 36
4 38
40 38
65 58
26 43
14 41
61 14
4 45
16 67
42 41
48 20
30 40
52 7
12 19
27 11
5 10
47 60
2 10
4 60
17 15
46 35
67 10
31 5
57 1
63 43
50 39
37 20
30 45
61 9
53 17
60 61
26 60
12 65
29 45
44 56
48 66
20 66
65 43
4 48
14 1
10 13
28 64
16 59
37 61
54 54
46 66
53 32
57 32
16 29
28 39
15 19
31 44
41 42
34 25
64 34
40 3
51 37
21 27
62 7
62 24
13 22
12 36
5 7
8 65
51 13
22 31
5 33
31 52
47 14
4 67
59 16
10 14
36 23
15 43
67 46
9 63
50 53
64 9
10 19
55 23
37 64
35 19
53 24
12 39
54 19
20 25
1 22
44 8
26 38
25 49
27 46
35 11
4 29
36 22
63 9
1 17
14 50
50 11
35 17
53 7
60 53
62 46
63 41
43 40
55 65
53 3
17 43
16 40
42 41
60 51
42 28
29 12
28 18
47 47
51 7
5 10
65 27
64 19
34 39
10 58
23 37
61 9
29 63
46 18
58 33
2 47
63 17
44 35
43 39
21 40
17 26
41 16
55 56
33 65
13 7
1 8
32 17
19 1
59 10
27 21
66 32
7 24
62 24
49 10
16 36
48 61
33 4
28 55
15 6
46 51
53 55
43 21
37 64
32 59
10 41
17 30
19 56
35 34
66 67
22 2
33 12
13 5
67 47
27 4
55 64
67 60
20 39
6 10
56 47
29 6
13 5
61 11
51 5
44 60
9 2
62 43
47 32
66 38
1 15
61 55
14 18
4 60
32 5
3 12
29 37
2 38
16 56
41 60
36 28
13 59
33 46
42 36
65 39
53 26
65 27
11 57
53 1
36 40
18 22
2 43
32 34
28 14
66 56
17 42
34 32
66 57
65 62
11 51
18 28
22 45
52 10
56 47
66 10
18 14
1 4
3 39
62 49
61 30
45 20
34 20
29 44
