48 137
24 32
3 23
1 11
26 36
23 6
9 34
1 18
46 22
41 29
45 26
26 33
48 47
48 47
44 21
11 37
22 8
4 7
38 13
3 29
42 46
15 10
14 18
24 29
11 33
34 43
13 38
35 12
26 6
47 5
32 48
1 23
46 37
45 21
37 26
4 11
48 28
7 45
2 3
48 30
15 26
13 35
30 46
46 7
45 4
18 32
38 16
12 33
33 20
28 1
41 38
27 28
19 5
23 41
44 29
16 12
35 40
34 13
23 24
36 40
2 34
48 6
38 29
5 28
39 28
9 19
9 8
34 40
11 34
7 5
37 23
18 15
14 20
9 1
1 28
45 41
16 24
19 33
25 14
1 1
40 22
27 3
30 9
47 7
1 10
14 40
4 25
12 47
8 6
9 7
18 3
17 16
15 45
33 40
6 12
27 7
45 25
44 9
31 16
28 17
44 6
5 12
1 12
39 20
25 21
44 23
20 20
8 7
24 10
35 35
21 31
10 37
29 14
18 29
20 22
15 30
36 45
20 24
20 40
43 22
10 9
40 9
14 24
25 37
2 22
17 9
47 30
37 21
17 44
22 23
21 18
32 23
17 8
35 36
22 36
32 30
2 27
22 37
