86 1054
3 77
71 24
56 30
7 85
43 80
39 34
38 45
39 17
63 74
24 33
7 54
46 45
26 72
74 49
28 59
46 26
4 9
73 51
70 51
23 39
86 6
13 69
70 54
3 2
17 86
26 47
28 30
30 8
62 31
74 4
5 24
17 50
82 62
5 78
71 8
77 36
76 26
39 4
67 52
55 42
39 26
66 55
82 18
59 14
7 44
80 23
78 80
83 44
49 76
86 4
34 32
64 1
49 52
48 13
22 78
32 83
66 64
75 84
38 66
12 51
73 47
38 13
8 60
26 59
57 37
49 74
63 11
31 67
40 47
8 85
65 9
9 20
44 82
11 75
68 70
15 58
40 34
10 51
31 59
45 7
7 71
76 2
54 12
7 63
7 35
73 33
26 79
40 46
5 20
24 35
43 23
1 4
36 55
78 27
86 23
53 9
64 14
31 13
30 37
85 20
82 7
82 2
35 26
80 38
64 46
37 59
55 11
57 68
20 48
10 86
68 78
36 49
46 24
62 68
65 13
1 6
49 11
67 49
18 25
58 83
4 41
79 58
68 59
77 36
44 86
20 17
13 19
45 60
35 48
79 26
11 48
69 38
46 68
7 43
22 7
60 46
36 26
32 22
7 24
26 74
68 47
8 35
75 2
28 10
28 8
22 6
35 14
70 78
42 80
63 23
62 4
67 84
30 81
57 16
12 41
17 30
63 32
69 1
37 20
2 72
27 57
23 25
1 45
27 45
2 10
3 17
24 63
41 45
28 85
1 16
15 79
62 52
82 33
66 24
63 85
46 25
34 58
64 10
72 39
26 57
69 44
42 48
10 70
13 68
82 56
74 70
75 42
69 67
15 7
52 37
21 46
50 29
54 13
73 53
36 73
50 15
49 86
77 39
86 9
78 74
66 70
85 51
43 15
9 31
8 56
25 47
84 23
59 17
11 72
82 61
63 68
62 22
4 4
29 83
15 54
54 12
37 3
35 78
71 11
9 25
41 79
1 55
41 68
12 47
2 8
59 24
28 46
8 46
81 74
18 7
36 45
2 43
48 46
36 9
13 58
8 75
6 34
29 55
67 71
1 36
41 82
6 8
23 40
73 6
10 17
8 52
9 8
47 18
68 13
54 33
27 25
4 77
61 16
86 30
44 22
17 28
58 10
24 68
15 10
78 24
33 50
86 31
8 71
37 80
78 31
80 74
59 52
70 39
20 11
9 45
64 10
23 8
70 79
76 85
14 18
83 1
49 13
7 2
63 27
62 65
54 34
39 49
12 33
85 11
43 58
86 63
17 53
57 1
17 29
54 13
78 52
44 49
50 55
74 14
83 28
20 12
60 7
54 42
13 50
81 74
36 81
26 51
3 6
51 66
8 4
53 58
52 26
72 45
29 48
7 23
22 71
47 83
80 72
18 34
56 23
71 3
81 60
78 44
83 4
4 38
71 30
18 75
84 44
84 2
68 82
72 64
50 75
1 49
15 73
13 8
13 65
51 35
86 31
4 71
21 15
65 48
62 19
3 80
26 45
65 43
77 51
37 79
40 62
70 52
22 78
65 17
58 32
84 12
53 4
17 71
57 25
27 85
14 23
1 80
29 73
70 73
61 79
42 83
81 68
72 17
9 41
53 28
64 63
41 73
71 39
7 56
47 33
83 5
51 68
30 82
37 11
43 30
22 83
77 3
53 52
73 73
56 55
44 77
42 49
30 43
57 86
64 33
62 46
75 41
37 62
45 75
36 14
2 57
54 41
73 13
48 77
28 44
72 14
52 25
44 62
59 41
22 64
45 86
50 10
79 32
14 56
29 44
59 76
28 80
76 70
71 18
39 45
46 39
57 41
26 70
84 20
29 52
58 33
4 35
85 44
64 21
23 70
68 56
16 37
12 56
18 3
44 4
40 47
46 38
11 56
25 56
46 27
77 8
11 27
11 29
38 30
71 7
27 9
19 76
26 6
2 63
64 72
84 38
23 7
14 52
28 36
45 74
36 25
72 46
64 44
84 45
74 34
32 13
72 12
21 68
5 18
19 40
61 47
44 2
12 45
6 43
25 15
21 43
31 59
23 80
69 58
4 51
67 48
34 24
40 7
64 69
81 37
72 52
28 16
60 29
68 31
53 6
13 83
2 37
54 10
20 65
42 11
2 86
17 78
62 48
69 70
79 23
1 42
65 25
75 35
37 76
51 19
86 56
6 43
54 40
5 38
37 71
10 75
80 14
63 56
74 50
46 78
14 44
71 21
51 86
52 46
68 84
27 79
18 2
20 9
13 31
84 52
39 33
86 48
7 38
37 18
19 25
30 43
24 55
40 68
67 61
77 47
23 80
28 35
82 29
71 70
2 60
20 64
49 4
40 43
86 4
81 10
80 6
83 36
20 67
54 25
47 67
6 7
47 78
48 74
68 19
6 26
72 4
21 14
75 77
76 54
49 9
37 6
77 58
11 19
30 74
35 12
72 82
45 34
54 85
34 40
86 49
25 76
50 69
79 22
24 31
58 50
79 56
48 79
68 28
54 3
15 72
48 73
38 33
58 40
69 15
69 62
57 71
64 48
37 31
65 57
37 30
22 52
40 57
47 57
14 51
25 56
51 40
23 4
80 57
86 77
49 31
24 17
60 69
66 80
77 79
63 9
65 7
9 56
75 81
14 42
18 42
84 48
65 38
26 55
51 61
80 77
70 31
69 55
61 56
64 30
64 58
30 43
42 23
60 26
13 24
61 60
85 32
47 75
4 35
84 47
49 84
1 36
55 76
84 80
15 85
6 62
7 58
60 77
54 83
51 69
48 27
82 69
29 9
79 34
17 75
7 82
65 15
67 2
37 47
72 13
22 72
14 57
19 77
29 48
82 57
28 86
51 56
22 34
75 76
1 47
14 22
85 14
71 48
71 82
74 74
1 43
85 53
41 39
68 16
36 72
5 25
42 45
11 64
44 24
80 26
73 33
21 74
49 49
18 58
63 4
81 24
55 32
9 13
43 85
59 31
49 23
22 11
63 45
18 86
10 37
62 36
35 60
82 81
23 75
15 49
13 75
73 9
33 23
20 55
66 75
11 9
82 45
59 73
61 78
24 57
2 78
16 57
60 77
13 56
84 66
64 55
64 52
12 52
41 74
57 67
72 28
46 85
28 42
22 54
5 14
82 84
58 1
2 76
72 2
78 2
20 18
60 59
20 9
54 79
54 1
45 48
22 20
59 44
76 11
58 82
45 41
15 86
8 12
69 26
77 67
56 1
1 24
52 80
27 78
32 11
10 60
61 40
57 13
53 9
38 54
32 64
73 61
18 66
67 75
66 49
1 49
4 40
74 18
74 4
67 10
63 13
63 7
79 29
61 22
54 5
24 22
57 28
72 26
48 18
72 80
1 68
31 35
1 15
73 33
53 1
35 50
36 74
70 40
51 37
6 37
26 53
22 47
46 42
24 39
83 9
71 17
32 31
9 85
69 70
49 31
64 26
4 68
24 7
17 27
86 37
38 17
46 77
62 8
69 27
84 80
45 20
78 61
46 19
41 56
83 79
16 73
85 65
44 73
49 38
27 20
15 33
48 58
41 78
49 59
6 34
76 18
51 14
62 60
73 52
63 34
19 2
28 61
73 55
63 49
67 46
6 2
76 68
19 65
48 53
22 23
64 57
72 36
70 40
41 39
47 18
15 73
63 42
18 82
46 51
51 32
57 73
78 51
66 48
18 76
44 73
63 78
82 42
67 24
6 51
73 49
54 11
8 31
69 53
50 66
15 58
7 32
26 71
70 5
12 80
30 17
27 31
42 77
56 58
63 24
52 78
9 54
71 72
75 76
8 53
58 40
47 35
12 25
86 61
28 56
18 57
44 44
21 70
47 52
47 29
53 38
71 55
5 44
59 23
73 2
44 50
23 46
24 53
71 51
34 66
42 66
75 70
53 21
75 65
39 56
12 8
43 50
47 83
86 15
44 62
42 7
23 47
61 55
67 53
11 28
33 7
73 81
74 78
48 47
6 60
27 59
65 82
39 3
67 82
66 65
38 77
16 85
72 39
72 47
16 6
15 18
11 59
47 79
57 76
28 14
78 82
65 54
34 22
46 74
72 52
65 47
31 79
36 29
86 7
5 20
42 12
4 54
8 44
20 49
47 5
75 43
72 71
77 46
84 73
78 69
30 64
72 85
79 31
62 33
69 18
22 70
36 22
75 52
3 32
5 77
50 13
21 56
45 44
39 48
7 81
59 17
15 19
43 58
51 6
54 86
48 38
76 47
40 31
73 74
84 4
62 9
53 25
42 28
81 11
53 3
9 9
6 8
42 61
60 36
48 41
57 69
76 29
81 74
85 66
12 62
19 14
42 45
19 3
59 83
29 53
10 43
26 31
25 12
63 68
78 6
75 22
41 83
57 32
79 28
2 18
2 20
28 25
9 55
74 29
81 47
20 81
21 53
49 16
50 57
54 85
15 64
27 51
57 29
5 75
73 59
37 70
62 86
16 76
73 9
61 46
36 71
40 77
72 13
62 34
18 60
15 64
7 57
40 3
79 45
47 11
29 72
75 9
48 32
81 24
51 63
58 37
26 11
7 16
15 9
22 16
45 73
59 28
59 17
56 50
77 56
75 25
38 71
67 3
72 27
2 70
59 41
48 12
67 42
44 38
13 53
44 23
68 39
60 85
57 75
5 49
30 51
1 40
72 74
29 81
79 41
12 52
1 41
76 23
6 48
32 18
14 83
49 54
41 36
7 77
