69 1492
18 25
1 29
60 17
61 10
24 58
44 36
23 52
68 47
19 7
27 37
21 37
6 3
39 52
60 50
40 48
21 56
29 18
39 10
58 26
52 60
33 47
41 16
37 13
21 28
60 1
23 15
12 56
35 22
65 12
33 48
21 25
33 32
20 41
48 52
23 68
20 18
49 45
69 60
64 40
21 33
34 9
15 41
3 22
3 23
13 29
21 43
3 10
48 55
69 38
32 11
13 1
42 48
54 29
59 21
51 15
25 2
48 21
27 25
8 15
27 7
25 66
31 54
61 58
13 56
57 17
56 55
17 53
33 36
20 15
7 6
13 42
45 28
43 58
48 3
58 5
27 18
9 19
66 59
1 42
64 64
40 45
23 1
16 60
21 66
66 42
9 34
26 33
51 56
63 26
8 32
32 38
10 2
48 34
22 34
39 9
30 19
57 46
36 26
66 28
26 45
14 33
26 8
32 23
27 50
52 67
54 12
6 69
7 12
27 48
12 46
49 11
12 43
12 52
14 19
6 47
36 19
58 68
39 32
28 34
42 45
36 52
12 17
62 58
31 6
35 55
24 67
22 64
14 21
67 38
20 33
27 26
29 27
2 62
50 25
28 62
31 8
27 46
66 30
19 63
25 64
26 37
59 43
50 13
26 1
69 17
7 50
26 38
34 57
43 65
67 24
21 62
36 59
47 29
55 66
13 37
31 2
5 35
66 35
44 45
10 39
31 11
11 63
47 33
59 40
60 35
45 40
23 1
19 43
35 38
66 55
49 6
12 61
62 4
18 8
11 38
47 45
66 16
5 56
68 69
8 34
17 5
36 51
15 3
58 27
4 43
43 28
69 49
45 4
67 46
22 18
12 47
11 27
52 26
47 45
60 12
61 47
6 47
12 6
2 34
61 10
36 59
20 62
8 25
65 67
38 16
19 44
50 66
10 45
31 23
8 30
53 29
35 29
63 37
62 45
37 61
9 54
2 29
49 59
1 58
26 36
34 64
5 35
38 32
1 47
3 38
56 36
15 26
54 61
62 39
57 57
48 11
51 43
36 15
60 43
44 62
30 33
9 30
17 41
44 5
58 37
20 34
21 3
41 10
31 26
31 22
27 53
21 44
46 63
12 5
61 2
1 63
10 58
20 28
25 20
42 46
40 44
2 27
15 42
35 25
57 33
54 35
32 7
14 66
46 67
62 54
8 43
2 29
13 29
10 29
5 45
27 34
53 19
55 18
50 31
14 40
12 43
17 28
55 8
9 5
6 20
66 52
12 25
39 33
68 31
33 54
37 7
45 29
37 5
47 9
58 35
9 8
14 39
58 32
38 46
53 31
8 22
59 18
59 60
31 21
66 67
36 38
8 2
13 12
9 39
66 54
16 6
40 17
33 3
66 52
13 20
65 43
48 47
58 49
18 28
44 44
49 31
55 65
67 62
44 28
6 29
48 46
23 30
61 64
21 49
37 8
11 3
19 49
14 19
42 57
41 62
50 20
11 11
42 55
4 21
51 43
58 26
8 29
2 66
18 23
47 40
66 25
24 27
23 10
69 49
21 56
24 47
42 52
31 41
31 54
11 11
6 59
38 30
9 24
38 67
9 56
14 51
6 11
51 60
50 29
6 4
21 12
18 49
64 44
46 26
25 30
31 68
11 42
5 27
10 28
5 22
38 27
32 21
6 7
39 9
17 59
22 18
64 41
8 49
39 1
47 69
68 15
14 57
43 39
4 26
49 53
11 29
47 7
27 20
60 21
17 38
13 43
69 27
34 32
10 63
62 5
63 23
24 21
6 37
3 50
52 34
19 13
40 10
53 40
4 19
37 11
31 23
13 43
27 44
67 65
45 5
52 46
41 14
50 61
49 27
61 38
17 1
32 27
14 19
63 44
57 28
67 39
10 3
54 57
13 28
64 14
20 36
55 60
51 35
20 56
16 20
41 57
19 26
34 56
20 63
8 39
18 19
17 20
23 59
20 54
19 63
21 20
52 18
27 2
58 28
20 64
52 49
43 48
16 61
2 69
10 52
43 67
8 24
7 15
28 39
20 11
46 55
23 53
6 66
17 60
34 57
46 54
53 61
29 36
17 1
10 65
36 29
14 36
20 31
36 48
59 45
3 13
51 35
69 37
29 52
49 29
41 12
56 69
67 31
22 3
30 32
32 52
7 44
5 49
8 21
9 21
32 4
69 15
63 50
41 59
20 22
37 9
10 40
36 42
10 39
51 40
17 6
7 28
69 6
10 7
64 53
68 17
18 27
35 4
66 21
65 7
30 16
63 60
37 40
3 1
28 26
59 32
68 28
38 43
41 57
19 37
38 53
45 34
29 50
49 65
56 66
14 29
40 15
19 47
68 46
8 9
4 14
10 41
56 33
48 66
11 58
32 25
35 27
9 64
25 69
3 26
46 56
20 60
61 68
10 64
42 21
4 58
49 6
43 68
36 19
12 54
35 15
28 10
11 51
52 35
48 36
44 10
59 47
12 19
41 39
58 41
63 27
33 45
67 54
51 29
34 61
56 31
44 1
10 67
43 69
42 48
15 19
57 23
67 62
49 19
32 56
43 46
35 38
44 21
66 34
33 34
3 35
9 8
45 57
32 69
45 40
3 64
12 53
43 45
65 38
68 41
65 69
59 49
23 54
6 14
53 7
16 32
3 26
62 42
58 42
65 69
48 65
55 46
52 15
17 57
48 69
47 22
19 5
54 39
27 58
67 18
51 8
65 1
8 55
33 60
58 23
42 1
62 29
27 62
27 21
56 18
38 43
50 66
37 33
34 20
15 68
54 60
41 32
51 62
43 30
43 28
30 6
64 14
21 54
44 39
1 23
29 19
64 4
48 29
7 27
29 35
65 28
42 50
18 54
51 24
57 39
50 52
45 57
45 31
41 48
41 46
31 30
11 56
39 56
43 45
41 32
41 4
55 11
2 48
38 30
59 63
19 10
36 26
56 15
37 51
61 68
8 50
56 66
60 15
21 36
5 25
2 8
6 10
21 47
60 26
64 14
21 42
50 48
10 13
15 10
12 23
34 31
37 20
38 1
55 8
33 10
65 20
18 9
15 27
64 32
52 68
55 30
61 46
18 69
26 33
50 26
4 5
9 16
19 54
22 30
43 21
15 31
44 48
45 4
55 33
67 67
27 8
1 6
41 40
63 15
23 69
2 17
53 1
21 17
50 17
63 25
32 6
20 22
7 69
55 63
6 57
9 57
24 46
22 65
23 32
21 18
44 30
26 46
57 41
18 46
29 66
29 64
12 6
15 5
35 19
19 26
68 67
7 57
19 49
66 4
6 35
66 15
24 23
7 67
62 28
61 60
30 44
67 29
42 24
19 41
68 36
12 55
34 63
19 44
49 2
25 25
29 26
54 24
4 15
50 21
10 49
66 11
19 5
7 7
39 6
40 23
36 32
32 69
38 49
33 18
26 19
69 3
32 66
58 58
56 11
1 18
20 54
59 1
66 53
40 34
61 3
36 45
7 69
53 30
9 14
41 56
24 63
57 18
58 55
36 21
7 18
61 15
37 44
45 67
9 18
18 68
14 5
58 61
61 24
31 11
3 10
10 8
42 26
55 37
15 18
15 4
59 38
48 67
26 10
18 40
40 52
21 24
35 44
36 44
43 4
36 55
7 5
10 36
12 50
5 67
41 40
63 51
38 57
55 65
7 68
3 54
58 26
5 12
22 26
28 33
22 16
61 48
19 27
42 27
63 3
15 34
28 69
13 69
8 34
58 4
62 66
28 9
49 67
8 25
25 21
5 10
53 64
57 29
23 8
10 62
47 20
61 16
27 23
39 42
56 16
46 12
17 68
24 51
40 34
15 54
21 52
55 38
11 2
61 46
61 54
13 51
13 2
4 20
10 35
15 39
45 16
25 25
21 57
32 41
29 32
32 29
45 36
45 37
57 24
44 27
53 58
46 16
47 69
49 6
24 64
66 44
55 45
18 33
20 16
17 56
27 34
68 20
8 43
21 10
62 18
8 11
46 28
28 12
27 31
22 67
39 26
33 4
3 33
58 64
29 30
63 36
21 55
21 56
17 30
10 26
68 18
23 11
18 59
64 23
37 48
24 35
11 59
64 60
50 43
60 50
52 65
12 11
25 39
6 2
29 52
39 42
6 49
49 11
12 59
27 37
43 54
42 2
62 57
32 20
40 45
21 35
33 32
51 64
24 55
7 28
18 45
17 65
31 40
52 48
5 38
63 47
29 47
4 33
2 5
50 49
48 14
24 27
43 37
57 32
30 25
45 26
6 40
53 63
16 63
29 46
29 6
59 50
31 8
69 29
7 37
16 41
52 33
24 11
22 35
31 19
11 65
64 40
40 14
38 57
44 26
35 44
57 29
57 69
39 61
64 55
32 61
14 22
56 63
62 12
45 21
22 67
56 13
36 33
55 52
46 31
46 46
25 58
51 47
63 35
4 17
16 36
45 59
31 50
43 21
61 36
27 19
67 33
56 26
15 8
28 40
58 17
41 17
22 68
48 5
59 47
64 41
69 53
54 32
43 22
13 50
27 48
49 61
44 38
22 56
65 69
35 48
30 15
13 34
7 35
9 36
6 66
22 6
17 26
23 17
2 3
62 55
41 58
29 14
65 15
54 31
60 21
42 2
55 64
46 31
47 17
36 1
6 57
67 52
26 66
33 7
57 52
65 19
69 47
37 26
56 26
17 22
36 68
55 13
57 43
65 19
5 63
3 11
43 52
14 26
55 33
37 10
49 22
52 30
29 46
59 16
28 20
14 15
35 8
21 4
1 7
1 48
37 37
25 44
36 37
43 46
22 47
52 59
19 2
11 43
42 46
15 35
51 13
38 46
43 68
35 43
55 37
44 32
43 60
41 49
6 62
27 11
59 54
15 9
35 61
40 62
63 18
27 49
46 25
43 4
63 57
32 41
28 18
66 4
12 19
3 44
39 51
18 18
42 43
15 9
34 21
68 20
36 38
13 25
43 19
21 59
53 4
23 55
22 33
42 63
5 44
69 34
45 8
19 6
1 46
55 23
65 43
51 30
9 18
30 31
62 25
67 5
50 22
15 30
21 53
47 16
38 39
45 29
6 68
64 57
48 68
6 55
4 14
34 17
32 40
52 33
20 20
30 52
28 67
15 8
32 30
45 6
6 3
21 51
69 37
21 19
33 19
8 45
3 47
52 66
44 49
59 2
33 58
61 53
58 61
22 43
59 14
33 26
17 57
69 34
29 64
61 14
26 37
66 31
48 53
1 9
53 60
23 4
64 42
19 45
10 45
46 18
67 49
56 67
55 22
1 61
5 48
55 14
52 62
40 7
31 2
45 55
26 25
58 10
34 49
35 66
53 27
14 38
20 56
38 21
69 16
25 23
36 2
18 48
1 35
2 65
48 28
23 62
12 52
2 57
17 67
36 7
11 55
56 37
65 19
69 60
65 15
4 58
46 48
20 4
63 34
10 32
18 62
12 38
69 26
27 18
38 30
20 15
29 8
35 33
46 20
8 68
15 18
18 47
42 16
24 23
34 37
56 54
67 26
55 19
68 2
31 60
38 32
34 28
23 28
3 1
6 45
24 48
33 4
66 17
65 27
6 37
48 50
8 68
3 6
26 39
32 27
53 27
33 9
18 41
23 65
33 68
35 48
29 7
56 59
5 48
59 54
3 28
4 60
44 58
48 7
26 2
67 18
56 57
53 65
8 30
52 6
35 49
50 50
45 67
23 39
37 7
26 41
58 45
10 25
25 23
54 63
58 58
23 31
61 48
56 19
4 31
25 26
67 2
38 62
63 65
21 47
23 14
19 51
59 45
49 19
4 49
56 49
21 69
29 16
30 55
54 47
40 12
15 67
42 48
27 62
11 40
31 15
24 59
15 10
46 65
56 69
33 44
2 17
52 30
38 28
63 14
41 60
50 63
19 65
14 12
30 5
31 8
37 49
28 33
4 18
48 40
42 58
16 10
39 59
39 3
13 27
42 28
48 29
51 40
62 49
26 14
24 3
47 59
46 35
25 42
66 10
27 45
53 38
8 47
68 18
49 16
60 22
52 18
23 19
49 18
51 12
66 48
63 49
38 59
67 33
1 18
35 19
66 69
58 25
56 52
56 24
35 47
33 44
54 65
45 24
59 53
33 18
28 68
25 54
17 62
2 63
4 57
66 11
3 30
49 30
55 41
8 69
53 40
10 57
60 55
6 50
10 44
21 69
37 67
42 16
21 48
26 60
17 56
28 12
44 17
38 10
60 35
56 2
62 6
11 29
9 58
22 22
55 32
24 20
52 39
35 62
52 64
14 8
15 34
48 18
19 14
51 47
32 12
42 36
44 13
4 5
60 10
19 32
39 34
2 39
42 10
32 11
8 68
23 44
55 66
17 67
3 15
44 52
10 48
35 50
12 55
28 38
20 21
3 35
52 69
8 57
54 35
36 62
32 2
26 28
35 4
15 9
25 43
25 48
29 37
56 55
27 27
28 49
23 17
65 49
1 62
26 54
41 57
50 50
4 17
47 52
67 60
50 58
21 16
39 35
55 26
11 5
22 46
14 39
10 4
33 45
44 1
1 39
46 24
42 52
65 38
17 47
55 51
30 66
6 64
45 41
43 32
2 4
43 68
69 69
59 31
41 57
10 6
15 68
19 3
35 36
38 49
56 45
34 27
31 49
46 14
8 6
26 4
33 16
33 36
38 18
37 13
68 65
