68 1472
64 27
68 39
19 46
15 22
42 56
34 39
19 47
17 61
60 24
11 33
60 14
61 42
51 26
35 18
14 5
8 16
62 31
9 66
17 47
62 2
8 67
23 7
23 20
4 31
54 25
4 10
21 21
3 38
59 66
43 41
42 53
15 62
46 3
57 31
67 9
62 19
32 63
59 35
21 45
14 27
7 54
57 30
34 16
58 29
28 49
24 68
49 25
17 66
65 31
21 28
29 48
54 63
64 26
23 57
18 25
30 32
43 64
9 9
68 65
57 36
22 34
34 33
29 47
6 51
4 60
8 35
55 33
10 19
54 19
10 63
44 40
45 43
62 50
61 50
13 24
37 11
53 5
7 10
59 49
33 38
42 1
31 57
9 63
39 3
56 14
54 18
40 31
42 60
20 60
25 59
30 60
49 38
1 58
12 41
12 51
23 31
14 54
61 37
64 59
53 14
24 36
43 21
51 1
30 59
17 6
16 42
31 5
2 8
42 10
52 36
35 7
59 38
54 32
7 37
18 3
39 58
68 32
30 18
28 2
1 20
5 57
51 4
53 63
24 55
28 8
60 8
63 15
66 26
52 42
44 39
64 21
46 45
26 10
55 19
18 67
30 26
44 16
13 16
2 43
30 65
27 49
47 52
10 59
51 36
18 16
21 68
59 57
9 28
29 14
33 61
47 27
6 46
7 27
39 32
12 4
20 7
48 43
39 26
19 57
31 25
59 15
46 28
10 5
45 27
37 37
5 16
46 18
56 52
40 7
12 42
45 54
55 65
9 33
52 56
58 55
22 11
67 38
42 43
56 67
37 65
66 30
30 20
43 53
17 52
37 15
33 47
43 18
7 42
68 48
39 39
18 16
47 42
2 37
6 5
67 39
42 8
20 22
45 52
42 47
32 14
56 3
62 3
65 55
19 52
27 22
32 23
25 13
54 68
48 56
65 61
6 11
12 54
47 8
34 34
15 48
66 38
19 60
62 18
46 25
24 5
48 29
66 4
26 53
17 23
41 32
12 16
68 45
26 40
3 60
8 36
38 68
15 63
64 61
61 44
44 4
54 38
5 64
30 2
30 64
25 33
25 36
59 14
27 4
29 2
40 22
27 19
35 12
54 50
41 10
33 8
14 33
48 51
64 16
52 8
55 14
53 28
61 57
21 3
30 53
48 28
18 55
44 59
10 11
11 39
33 8
35 32
16 11
38 23
52 67
34 67
54 12
11 29
51 5
26 55
65 31
36 6
42 62
7 3
27 50
4 22
44 26
34 46
26 31
41 16
1 17
23 67
67 1
15 7
16 34
43 29
64 62
28 39
42 43
63 29
51 55
18 18
17 36
20 58
48 28
37 64
14 20
5 48
26 65
38 24
61 48
12 14
27 54
61 64
59 67
33 39
12 48
28 1
22 39
57 50
46 10
57 64
9 58
49 66
68 57
68 30
4 29
36 3
50 32
26 37
30 49
12 46
7 53
20 29
38 33
62 1
28 25
66 24
17 42
66 4
67 20
40 66
31 55
64 61
62 67
53 62
13 42
33 2
57 20
6 47
1 5
39 58
63 42
51 32
35 13
64 27
21 10
3 40
40 26
11 3
25 31
39 7
18 56
56 10
48 3
27 27
16 64
55 54
25 24
53 43
37 53
49 59
20 32
36 40
33 60
38 20
16 41
38 23
40 45
60 20
14 58
43 20
45 44
47 49
31 60
8 7
24 36
27 40
6 33
68 37
33 27
61 23
12 12
42 3
38 12
22 38
6 15
41 40
61 16
30 43
62 64
15 54
52 30
2 62
14 17
42 9
43 6
51 41
31 37
34 19
6 14
49 37
43 52
34 41
24 52
17 7
32 42
26 29
5 10
67 45
56 37
39 26
57 10
68 42
47 58
23 3
59 30
66 13
55 20
41 16
3 13
31 43
63 30
22 44
56 20
37 68
35 64
3 61
66 10
18 26
22 9
9 67
49 16
52 54
5 12
7 29
28 14
17 33
14 66
7 58
47 20
6 8
45 58
29 30
6 46
42 68
18 37
51 62
36 4
8 51
29 7
35 52
29 19
14 58
68 28
68 21
28 15
67 53
1 27
62 56
17 7
63 6
62 27
37 58
36 55
65 6
35 41
2 44
48 45
52 42
39 59
6 59
41 16
42 7
67 60
17 37
39 51
10 22
21 34
36 13
21 32
20 53
35 18
19 27
35 31
24 44
54 12
37 41
12 63
51 13
35 64
43 15
28 36
34 1
5 62
12 52
19 56
21 29
1 19
48 15
29 37
44 14
5 14
52 67
64 8
58 61
6 20
55 55
57 22
57 31
21 60
40 47
31 26
59 50
33 51
54 45
65 56
24 66
8 21
63 44
65 12
46 61
54 31
14 53
16 52
39 44
53 23
17 17
11 30
35 51
48 35
31 52
53 47
8 53
43 61
47 46
66 23
63 50
12 45
55 37
66 18
66 31
45 3
51 20
32 12
16 2
4 21
7 54
32 38
50 3
34 7
16 27
25 47
26 56
44 66
3 2
44 16
11 25
61 32
20 30
3 37
31 21
34 44
57 25
58 41
9 12
33 66
29 32
5 10
67 10
47 27
62 41
36 35
52 6
58 3
51 24
66 16
43 33
51 53
14 15
39 53
7 3
52 11
47 57
26 23
41 50
59 51
11 54
28 10
65 38
26 59
46 42
67 5
21 2
45 58
14 46
43 61
37 61
63 17
45 50
20 47
13 10
58 22
55 21
50 57
30 13
10 68
38 67
24 21
48 27
2 62
64 11
58 38
50 14
31 52
8 54
27 48
50 15
18 41
65 26
32 5
50 51
14 15
30 53
67 11
42 62
68 49
12 41
28 15
46 46
66 56
64 59
60 24
37 9
65 59
26 37
9 5
29 59
11 15
63 46
7 51
48 33
37 43
20 10
66 8
31 41
18 26
60 19
33 47
49 20
42 60
30 41
48 13
12 10
15 21
4 31
59 57
36 1
52 21
9 12
6 25
18 19
1 29
56 39
15 20
23 31
25 41
8 39
63 21
55 4
12 55
54 20
57 6
2 10
53 51
14 28
41 43
38 31
57 37
53 31
11 59
67 43
57 28
60 67
65 6
13 21
28 55
64 45
60 62
65 24
60 7
40 66
64 53
37 10
64 19
59 10
31 52
48 21
24 4
59 29
38 11
3 28
45 12
55 21
56 55
10 66
16 3
46 18
21 7
43 56
68 50
5 6
9 16
14 3
41 30
37 9
6 5
24 47
42 27
31 37
57 43
41 66
31 26
62 59
6 2
21 5
12 6
52 5
51 10
55 61
4 56
17 18
25 51
13 68
11 15
63 49
47 29
17 34
45 29
44 2
37 49
15 57
20 15
64 16
27 18
4 21
49 61
40 37
63 33
45 40
55 52
44 41
59 53
30 67
32 26
41 64
40 68
56 43
47 58
64 59
40 33
44 45
8 30
1 6
53 59
49 55
60 23
1 9
63 28
1 13
29 32
9 18
14 40
61 60
27 42
16 61
29 65
17 14
6 61
17 5
25 42
49 32
65 38
15 61
52 37
22 23
8 36
3 55
31 3
1 40
55 44
5 8
60 9
35 64
37 40
60 66
68 21
56 45
26 36
53 20
2 29
44 47
1 12
64 6
51 52
5 59
7 15
3 62
8 2
19 31
26 35
49 68
23 4
27 44
64 42
16 43
38 62
16 11
17 3
51 30
5 64
53 37
52 15
49 68
9 26
29 55
50 48
40 9
40 68
49 30
1 14
7 62
34 54
42 40
22 25
13 60
55 41
16 13
60 32
48 26
11 8
60 3
35 58
14 11
41 8
27 47
46 31
3 1
28 49
9 26
6 23
14 48
17 26
18 9
32 43
39 24
26 33
45 49
63 26
51 43
52 64
48 67
27 25
56 52
43 5
21 13
39 56
57 10
1 4
1 59
48 3
3 17
22 63
55 39
20 57
3 64
67 1
33 61
13 53
13 26
6 4
51 68
47 36
62 22
24 61
34 4
21 52
64 23
7 49
23 58
36 24
8 40
57 58
9 27
46 22
55 28
15 57
7 12
29 16
42 11
66 15
67 3
65 3
13 36
22 32
36 61
26 51
13 13
33 27
33 51
19 32
53 62
53 1
4 13
64 19
9 11
19 6
36 66
30 39
50 37
17 14
35 38
61 60
28 64
25 41
13 34
33 20
60 52
32 27
19 67
22 49
50 12
20 21
33 59
34 8
28 10
61 22
56 51
47 33
65 21
56 27
12 44
59 1
16 50
24 39
55 66
2 38
42 19
23 40
17 40
67 3
19 34
27 16
30 1
7 57
17 64
46 17
15 12
12 23
64 36
5 38
37 22
4 51
4 47
34 35
12 43
56 51
34 7
45 17
9 68
1 13
40 1
7 35
17 64
66 11
60 9
51 38
12 18
64 63
33 14
27 7
47 36
16 8
18 39
25 12
19 48
41 40
33 43
67 38
19 26
12 56
37 14
30 42
65 47
66 23
37 58
20 55
34 21
61 15
51 15
42 65
25 25
3 54
17 55
62 9
33 3
34 42
11 31
6 15
56 13
58 34
35 68
60 19
68 28
14 47
24 27
51 21
2 46
47 51
43 18
49 25
66 7
64 54
57 52
63 3
8 32
48 28
4 12
22 27
62 15
7 8
17 50
14 23
60 48
54 44
20 21
10 44
46 21
26 10
12 52
21 25
54 48
44 53
63 30
44 40
7 60
4 46
67 22
42 43
59 35
50 56
44 43
22 36
14 63
60 33
35 57
21 33
21 20
59 34
45 2
13 25
12 32
21 50
66 25
31 5
44 43
56 31
46 11
58 21
50 27
26 16
31 21
29 8
58 1
27 2
17 31
1 55
1 42
10 7
49 52
21 46
3 12
61 38
11 8
8 9
33 14
24 65
32 17
63 21
68 51
58 37
24 46
36 65
37 16
67 46
1 15
56 65
3 9
3 40
58 63
54 42
16 28
46 59
9 17
25 36
4 66
22 28
65 55
58 43
52 28
37 61
25 22
68 31
41 7
28 22
43 44
30 56
6 37
60 46
27 28
13 10
34 18
25 30
5 26
55 13
51 43
10 15
30 24
21 39
56 62
26 6
52 19
62 65
64 68
3 27
57 4
9 26
5 46
17 35
40 23
31 24
26 49
31 57
16 27
63 33
53 42
55 58
7 23
41 35
18 63
57 49
20 27
47 24
25 35
56 68
41 45
47 23
4 58
9 65
34 37
35 61
47 51
26 57
60 46
58 41
47 28
36 56
39 46
46 65
4 14
21 28
33 61
65 3
62 29
66 6
68 31
19 52
43 64
22 44
8 26
11 16
11 12
50 13
59 57
58 39
55 56
56 67
7 51
66 22
16 8
48 12
67 57
4 37
5 31
5 62
19 60
47 11
24 11
61 43
59 32
7 1
45 36
44 38
4 23
19 66
25 61
30 35
23 2
27 48
28 34
10 15
32 59
14 54
11 28
55 18
68 22
9 20
28 61
59 7
31 5
6 27
49 25
47 32
19 24
62 26
61 54
9 36
11 25
12 46
35 41
6 47
6 40
24 50
64 50
12 17
61 37
53 59
53 8
53 67
56 33
31 38
11 19
42 11
50 53
21 65
30 32
49 21
36 42
12 2
22 16
47 25
50 66
42 48
5 5
43 10
22 54
48 68
39 32
33 51
50 46
17 49
4 10
8 32
27 20
21 1
46 63
4 49
29 29
27 34
4 30
33 39
60 31
47 33
68 55
10 1
46 13
53 54
22 15
47 25
14 38
31 9
11 31
48 32
46 50
23 19
43 5
15 53
6 19
19 20
63 26
46 39
16 42
47 51
47 18
62 58
18 60
3 60
61 64
21 26
7 45
18 29
25 51
33 9
13 20
20 57
7 22
59 32
68 28
64 4
9 33
17 46
6 53
19 18
14 57
24 12
25 49
48 19
11 56
7 46
61 60
10 4
33 23
50 64
55 41
29 65
13 18
24 30
67 30
36 25
19 59
66 33
15 20
45 14
48 44
1 36
29 36
49 54
49 8
12 64
33 31
16 39
6 18
51 28
48 7
15 59
55 14
29 37
47 16
33 65
61 18
7 27
42 24
17 58
66 67
31 15
57 23
15 61
25 41
26 67
62 20
58 28
68 62
3 29
33 66
32 28
62 51
17 64
3 44
62 49
61 30
29 9
48 17
60 23
33 43
50 55
9 5
55 26
34 59
26 8
46 50
10 15
50 44
44 26
29 59
16 42
61 18
36 15
17 25
9 54
68 55
1 5
16 45
61 7
54 64
48 30
22 43
59 63
22 54
22 1
40 3
23 45
59 39
54 32
37 2
29 21
38 15
44 4
8 41
36 35
44 35
43 64
24 43
23 31
61 16
45 66
31 22
55 66
66 57
57 4
35 18
63 4
60 9
64 32
36 49
47 28
43 2
57 57
64 12
6 7
44 21
43 64
58 13
5 6
39 59
43 44
32 67
5 7
42 6
47 26
33 17
60 36
36 38
1 45
36 3
53 40
62 64
46 39
50 36
59 44
66 42
7 63
48 46
22 11
47 65
19 53
67 41
10 22
18 18
43 5
10 20
6 49
68 6
4 32
11 42
30 12
26 35
25 13
34 7
