55 625
17 9
2 26
55 4
40 21
48 2
2 44
28 30
25 5
39 40
38 31
13 32
10 28
43 20
30 21
32 2
2 3
37 14
36 53
52 44
4 12
9 6
34 17
51 3
8 3
39 20
19 52
12 41
20 9
4 47
29 43
7 47
19 7
14 50
2 21
2 15
31 22
20 49
17 14
5 25
29 17
53 27
50 28
10 40
32 51
48 14
47 40
9 46
10 36
42 40
8 38
15 8
28 48
1 13
11 38
11 37
51 21
29 12
9 3
25 52
5 15
13 36
40 20
9 38
22 50
33 19
30 51
29 8
46 16
19 18
53 46
40 19
1 30
12 18
25 53
18 20
28 4
35 24
17 23
34 46
34 52
24 1
53 36
22 40
40 47
17 5
1 28
48 41
22 45
39 3
25 27
4 5
42 46
40 2
36 3
12 18
32 13
16 53
44 41
11 26
35 25
35 35
29 34
38 9
15 51
11 48
52 26
41 5
44 34
23 39
11 25
37 25
19 43
54 43
15 46
26 1
1 29
7 25
42 12
33 37
6 24
19 44
51 10
27 22
23 37
17 14
5 44
31 47
54 46
43 45
49 45
26 40
21 11
50 43
9 13
2 38
33 42
30 24
15 14
14 4
2 13
14 28
4 17
2 52
35 35
48 2
7 10
22 49
40 32
16 26
29 53
20 23
28 51
3 51
2 47
46 40
43 20
28 51
43 1
5 40
36 38
39 47
45 23
49 13
21 34
14 3
33 19
13 34
44 8
25 36
45 5
22 30
7 32
4 19
45 53
2 39
14 36
24 35
39 26
48 34
49 22
29 31
1 32
33 35
18 7
52 14
28 37
11 3
39 32
35 10
29 11
14 13
27 28
6 51
7 4
34 37
4 43
45 36
45 33
18 30
21 4
30 23
13 9
27 12
3 49
20 50
45 36
15 43
26 27
4 22
15 35
26 33
5 48
26 25
19 34
17 3
46 39
34 32
11 43
28 26
49 24
49 9
39 34
23 11
40 2
32 53
21 5
36 21
17 30
8 23
40 3
44 32
39 53
43 19
20 4
37 7
16 13
45 9
30 33
21 29
14 16
8 23
11 48
26 31
33 20
21 44
11 8
7 40
53 41
9 27
36 25
46 11
54 1
8 35
49 19
20 20
4 13
10 44
20 10
54 3
52 24
27 41
30 40
27 5
26 1
44 53
48 54
8 24
44 24
38 18
11 15
12 15
37 14
47 14
7 50
24 51
18 31
7 16
49 16
34 1
52 52
23 37
14 16
5 35
19 26
46 8
2 37
48 52
53 45
29 10
46 25
5 13
36 5
45 40
30 51
5 54
6 49
43 27
20 37
45 9
16 1
19 10
22 11
33 7
38 42
29 2
34 41
46 10
53 47
12 10
50 18
34 40
19 5
3 4
55 44
51 25
10 4
33 24
10 48
41 47
17 30
48 7
8 36
48 9
15 46
22 16
8 45
11 16
15 7
21 24
15 21
24 13
41 30
22 20
9 17
41 22
22 14
46 29
42 17
14 40
48 7
25 32
32 32
51 4
32 8
6 8
29 19
52 17
23 18
4 17
55 43
19 40
50 45
21 34
26 2
22 34
49 28
12 54
3 41
41 14
33 3
30 55
36 35
20 26
34 32
23 35
31 9
8 13
53 48
48 34
39 32
53 17
49 29
9 40
8 50
10 13
35 38
13 26
30 23
40 8
49 41
51 2
31 51
49 37
7 25
42 26
41 9
29 4
27 23
28 30
25 49
19 6
19 23
50 39
10 49
8 14
51 37
55 24
32 22
43 7
13 14
47 5
41 40
29 16
32 53
52 41
22 48
8 10
29 36
15 29
28 23
2 17
30 26
31 24
54 18
40 50
41 6
11 24
33 5
20 46
45 24
4 13
35 7
50 18
6 37
25 54
1 24
6 21
30 20
40 29
37 3
51 13
11 19
18 4
44 5
35 24
23 45
41 37
19 17
27 43
12 47
18 14
8 44
19 30
43 7
47 13
50 29
48 31
6 3
9 18
39 55
28 34
5 47
31 3
24 49
45 40
33 42
12 51
26 53
3 55
2 36
24 20
13 19
54 47
49 32
41 30
50 14
12 39
18 42
41 46
42 42
52 41
51 13
12 18
17 11
21 40
55 6
12 1
12 8
38 14
1 26
33 17
17 30
29 42
21 29
18 27
40 25
1 11
24 45
42 21
40 55
47 39
16 13
26 50
51 16
1 7
41 29
22 53
40 54
23 1
44 21
38 2
49 17
23 53
23 33
33 18
18 36
11 16
20 36
18 15
54 48
22 50
34 48
13 12
51 48
46 50
7 42
14 28
18 3
16 18
48 20
9 12
37 30
40 6
49 28
36 22
40 29
12 18
22 12
30 18
2 55
20 44
53 8
22 34
5 4
25 41
8 36
17 4
13 55
42 47
2 17
19 45
49 20
7 53
38 37
23 43
19 48
39 24
21 11
51 54
29 31
9 1
28 15
7 17
38 21
31 43
8 35
7 43
28 48
49 34
43 54
28 42
2 17
17 30
16 36
9 34
44 18
37 19
34 12
25 21
21 26
49 36
35 30
46 9
11 42
18 39
44 51
25 4
49 27
2 55
45 21
31 15
53 20
36 48
46 18
30 28
48 39
21 48
22 19
52 29
15 42
11 40
24 15
38 1
11 2
15 48
8 32
46 20
32 10
5 6
30 1
34 39
34 27
41 31
50 18
19 49
34 2
8 10
17 2
27 44
44 33
6 10
28 51
21 39
25 44
15 43
38 33
8 37
34 16
2 23
30 54
25 9
36 54
24 20
5 12
37 44
