76 2228
43 72
13 22
41 22
37 14
76 65
6 35
48 28
56 40
72 47
4 29
18 54
46 64
69 21
16 18
37 76
28 11
2 12
45 69
73 73
34 20
27 18
8 34
28 6
65 73
64 20
57 65
7 13
68 30
58 24
23 51
7 35
31 8
61 60
36 33
9 70
35 55
48 1
42 19
47 31
48 17
63 17
47 58
13 69
29 37
49 37
27 23
28 28
64 37
28 48
17 70
7 72
26 68
55 58
41 71
33 59
76 56
19 26
72 72
75 43
29 2
17 13
67 53
8 5
9 53
66 4
60 11
53 15
6 43
32 50
40 33
37 47
49 24
34 15
64 47
67 73
73 64
56 74
31 1
15 57
24 13
52 40
33 73
67 51
60 11
2 47
36 58
32 53
23 10
61 24
53 18
31 9
56 48
32 49
75 73
13 20
16 60
6 48
45 71
31 68
58 28
19 26
35 74
74 23
63 8
20 37
73 61
24 41
18 13
19 15
36 59
38 26
65 19
36 40
63 14
36 42
11 24
61 12
47 52
27 31
48 18
59 47
68 69
46 35
8 32
15 66
41 71
9 3
40 42
66 13
32 17
65 41
39 60
9 71
15 69
43 27
2 52
14 12
28 26
17 69
53 49
60 68
43 62
43 71
20 64
20 5
7 61
27 69
15 11
62 53
24 28
66 10
58 5
76 41
63 71
44 49
9 67
72 3
65 40
52 10
26 18
29 41
56 53
14 18
70 50
70 65
17 2
11 19
11 25
51 23
13 9
16 70
17 26
57 29
71 40
8 45
32 75
62 50
71 34
13 36
24 48
59 58
62 30
71 20
18 29
45 40
20 51
22 11
60 16
53 45
73 67
30 18
48 76
3 30
45 60
10 4
9 59
75 6
16 41
66 68
37 9
58 10
2 74
27 74
10 22
46 19
8 76
32 30
74 48
40 55
5 2
47 44
10 63
48 64
34 59
40 15
74 4
4 55
50 69
66 14
15 67
41 67
39 4
12 6
52 44
12 24
7 1
1 18
42 49
2 68
72 7
72 45
48 27
50 45
5 61
10 71
24 69
29 9
26 70
3 20
72 76
1 60
68 76
36 36
2 69
3 74
58 70
12 26
40 25
75 55
46 14
46 17
68 8
48 65
30 3
60 38
25 63
13 5
75 60
20 12
5 18
29 34
49 67
30 30
57 71
40 4
37 47
55 68
20 65
68 31
50 31
45 11
12 2
73 22
44 44
21 60
59 45
50 8
60 51
7 17
51 56
57 62
30 33
1 24
11 52
30 15
6 5
69 18
76 24
5 55
16 61
14 58
40 17
48 64
32 53
7 23
55 37
66 24
54 11
36 66
1 44
14 57
10 73
23 29
25 70
65 68
30 7
60 73
45 3
36 10
31 46
65 61
8 42
46 22
8 2
40 8
46 37
40 65
47 20
12 75
27 15
56 33
62 37
27 33
61 31
17 19
35 58
51 41
42 58
31 44
8 41
56 7
55 5
68 55
37 54
72 36
31 36
27 42
24 43
31 21
21 76
9 65
48 44
43 4
57 22
43 34
55 57
73 60
19 13
33 28
38 31
34 36
64 4
66 31
45 39
8 7
23 22
70 69
44 40
54 31
10 17
59 72
60 18
63 21
22 44
16 50
72 13
56 59
35 68
73 32
60 50
17 38
13 59
21 36
1 11
68 60
64 28
31 55
23 11
46 40
5 60
9 63
58 71
36 53
23 56
16 9
58 11
63 23
15 64
66 64
35 53
53 49
47 58
66 49
33 52
62 75
27 73
60 21
17 35
23 6
60 23
3 35
62 20
46 60
7 8
69 47
56 25
60 53
48 24
74 31
13 74
22 64
64 20
65 58
67 57
61 6
10 74
69 24
72 5
2 74
3 56
61 23
54 44
39 67
58 65
1 34
75 25
12 70
49 49
51 5
66 19
2 57
58 56
51 26
48 75
27 53
6 23
40 26
29 30
72 1
38 30
40 8
4 48
22 69
33 27
48 21
58 2
22 48
15 58
41 59
15 66
9 37
65 59
16 35
67 30
24 66
66 43
31 67
63 24
5 25
36 23
50 44
22 37
52 33
65 75
71 37
32 57
11 43
19 72
18 34
6 48
35 34
28 23
58 49
8 17
20 5
71 64
53 57
2 49
49 57
45 40
8 18
35 69
30 61
4 36
50 43
45 5
24 69
27 3
28 56
27 30
13 15
4 51
59 12
66 65
25 25
10 33
70 32
21 13
46 73
37 16
31 74
45 1
13 71
48 74
70 71
29 71
50 62
2 60
7 21
43 71
68 59
24 45
3 26
61 58
35 33
48 70
35 35
28 51
40 68
54 37
61 18
73 53
16 51
42 22
52 64
23 35
57 17
15 64
40 44
39 23
20 15
4 10
24 54
57 76
54 12
29 32
43 72
4 56
23 16
62 73
15 41
1 58
10 74
60 28
49 73
64 73
35 14
26 52
27 55
13 75
75 23
38 18
24 23
56 63
75 42
65 42
32 36
66 52
13 26
22 46
2 47
31 48
6 2
52 54
12 54
34 53
6 18
11 43
6 22
76 75
36 65
11 21
67 26
20 48
51 24
66 65
38 57
60 7
10 54
13 27
38 15
27 6
1 3
3 76
51 25
17 72
29 22
45 37
59 21
30 71
40 46
55 39
34 51
71 2
43 32
49 65
3 47
52 9
18 63
55 21
76 8
41 49
63 63
74 27
30 14
61 72
72 31
49 48
46 22
21 51
60 63
41 61
73 24
54 54
38 31
5 33
25 20
27 58
2 54
27 26
62 18
12 32
54 7
64 57
58 44
29 23
27 23
64 54
37 60
16 63
65 5
48 37
46 63
31 4
50 33
74 31
68 39
63 39
72 18
21 66
30 38
52 73
54 68
34 72
67 69
34 21
47 23
56 44
39 10
74 23
63 6
69 10
12 19
50 44
52 44
23 22
26 32
69 15
10 50
28 65
47 53
65 63
3 48
74 15
31 58
70 2
72 15
20 6
38 28
38 67
71 30
66 74
13 11
48 61
39 2
37 15
65 30
64 18
43 3
49 46
28 17
2 10
43 18
65 72
1 60
26 57
48 34
63 25
60 5
57 36
53 18
21 70
60 42
51 29
13 46
73 16
76 24
75 18
74 22
50 31
14 14
3 30
17 53
33 72
39 40
13 48
35 43
49 47
25 60
70 74
38 52
19 29
71 32
67 55
22 35
50 72
1 22
67 5
16 36
28 38
50 58
71 68
43 26
28 26
20 76
26 49
50 53
66 51
55 64
57 24
30 5
22 2
42 23
68 71
6 57
5 52
20 1
7 73
3 25
50 46
69 26
50 8
12 29
10 55
55 75
62 38
24 32
29 18
17 15
42 16
59 53
51 38
43 4
66 18
40 54
11 31
19 18
59 4
2 64
68 16
2 55
21 61
38 64
39 11
9 53
11 74
39 41
70 55
25 58
47 16
61 11
16 19
4 16
44 63
14 14
47 15
45 75
26 48
54 65
12 74
20 21
13 8
10 72
51 59
3 13
42 30
8 26
8 67
66 4
73 33
17 67
75 75
32 11
53 36
22 63
69 19
36 16
20 8
7 49
9 7
41 64
16 5
71 38
16 70
38 50
22 74
11 31
21 34
3 27
43 52
18 10
17 21
38 64
66 47
12 42
32 67
55 11
32 65
7 74
47 6
60 26
48 16
7 59
63 72
25 51
59 65
52 51
65 29
46 34
73 60
51 6
48 39
36 54
30 61
76 16
25 55
20 40
26 42
39 73
20 15
8 47
1 74
50 64
55 74
19 58
36 40
72 25
18 33
9 57
23 49
2 59
34 42
61 69
60 42
45 26
29 60
10 23
74 56
66 18
45 37
47 21
16 58
73 7
45 64
22 32
49 31
25 71
23 3
28 31
39 41
26 11
48 5
8 19
49 6
58 62
43 49
68 17
8 39
45 24
38 62
3 11
47 20
64 48
75 61
34 72
14 66
30 42
76 46
30 71
2 38
70 14
63 23
51 48
44 50
51 76
11 60
32 35
14 63
37 26
10 9
1 74
25 62
49 1
17 75
7 71
10 13
44 12
27 11
4 8
56 64
52 35
51 61
53 22
40 70
70 41
1 30
73 7
61 76
46 7
48 19
37 32
8 17
55 55
51 48
2 67
65 69
28 17
31 5
25 53
48 69
48 17
19 1
68 61
45 25
35 55
72 18
42 36
32 62
34 66
65 42
47 43
38 56
59 74
61 58
1 1
10 5
14 19
56 49
44 30
29 28
58 3
61 61
63 25
19 11
50 11
47 38
53 34
71 10
4 59
28 66
9 48
27 6
38 9
60 11
26 69
38 22
20 26
8 56
16 69
16 13
55 17
40 4
41 27
5 46
25 38
40 37
17 32
58 35
2 4
60 11
42 50
7 11
72 8
36 74
73 74
59 16
21 64
9 55
59 42
23 69
24 68
22 44
8 24
63 13
19 73
28 56
8 41
12 26
48 13
9 8
53 38
32 75
43 68
9 68
55 71
54 62
54 30
68 14
8 27
39 3
29 42
54 26
20 6
25 55
66 29
76 1
21 71
20 58
74 9
52 15
44 22
76 66
75 7
65 16
67 3
33 10
48 9
60 67
37 41
59 40
16 8
36 6
70 36
70 18
27 35
19 71
72 3
19 49
42 34
54 50
14 7
41 41
48 69
9 64
48 10
21 74
48 42
37 34
26 5
15 47
48 2
32 40
5 14
38 58
49 33
49 39
33 3
48 73
48 41
49 8
17 37
36 60
42 35
56 22
25 46
26 64
29 47
61 44
20 63
74 45
18 67
65 32
20 11
9 34
53 63
17 73
28 14
62 24
68 56
35 42
29 7
23 34
36 28
66 8
28 26
66 56
10 7
39 24
38 47
72 71
75 58
8 15
37 17
21 26
25 23
17 37
76 8
38 49
67 46
74 50
35 28
30 48
17 35
74 72
28 71
18 72
10 38
11 31
31 55
61 67
48 33
55 64
7 13
4 3
16 14
45 18
71 23
31 64
15 38
54 28
70 63
53 55
66 55
44 1
12 14
24 63
18 59
51 10
6 6
28 39
25 34
59 36
46 48
7 46
15 32
7 71
60 11
36 53
54 49
57 28
22 7
72 73
39 71
60 56
57 67
2 47
19 60
61 11
34 12
25 18
38 73
6 49
22 75
8 45
75 60
18 13
30 15
73 22
47 71
18 9
72 68
47 36
57 18
66 75
11 42
46 21
36 41
66 64
32 68
39 21
73 44
1 43
72 61
33 53
37 58
46 58
66 30
54 21
33 30
70 45
35 21
72 75
61 45
67 45
69 24
20 29
40 69
24 27
7 64
62 51
14 7
39 70
45 15
15 7
61 63
50 37
37 31
14 39
33 3
38 15
26 1
71 46
52 55
23 36
68 2
64 27
31 12
65 14
67 9
74 29
2 49
36 38
64 59
36 5
72 40
74 27
27 73
69 28
16 35
12 39
32 62
45 14
58 76
73 46
28 26
60 52
28 47
71 73
17 72
51 7
53 41
23 48
60 46
57 34
30 43
29 40
21 32
11 72
27 51
14 41
34 28
65 55
55 43
56 37
64 24
18 55
25 28
70 40
24 22
63 29
4 41
1 2
7 63
5 36
56 21
12 24
24 34
15 75
6 36
45 39
20 38
13 1
60 43
50 39
53 51
16 44
3 39
25 13
44 13
8 3
67 30
20 18
41 31
28 64
71 50
17 58
35 54
21 70
10 72
31 6
65 36
19 40
59 39
16 11
46 33
34 44
45 62
21 20
58 41
19 65
76 49
61 23
43 72
53 69
15 69
2 49
21 13
36 56
75 3
70 1
47 8
2 48
71 1
67 50
11 55
52 39
38 74
16 74
9 48
5 68
58 76
54 47
49 53
8 61
41 25
11 6
29 28
53 34
30 47
14 47
4 45
4 1
45 75
46 46
1 35
14 60
20 35
47 29
25 58
50 55
3 44
52 28
5 18
13 63
25 61
55 27
28 67
54 8
28 21
15 12
39 3
51 47
5 29
49 22
44 23
10 13
6 40
52 7
2 22
25 22
22 5
69 43
5 9
63 59
69 45
36 19
31 57
36 21
37 14
57 27
15 4
5 31
54 45
19 72
2 5
65 72
15 8
45 43
57 55
69 43
54 37
36 60
28 45
41 1
60 50
62 28
38 14
22 47
30 67
42 31
11 49
10 45
14 11
26 22
21 57
62 55
44 46
11 50
59 12
75 28
41 33
61 20
65 31
61 22
8 38
76 7
66 7
51 32
4 16
12 65
53 63
66 33
59 5
54 30
16 20
57 42
46 63
68 11
76 8
58 31
30 70
57 21
67 44
24 54
28 5
47 63
56 66
55 2
50 13
8 52
59 55
20 2
57 64
5 30
27 17
2 32
21 47
42 40
42 50
58 70
64 61
4 45
68 52
67 36
19 17
1 11
60 44
47 60
19 24
12 17
29 51
4 17
17 45
54 69
22 15
64 33
58 63
38 51
47 30
37 7
36 19
30 43
46 22
42 58
36 47
71 35
71 4
12 19
38 52
21 19
57 10
54 15
31 73
9 16
34 41
66 6
30 46
6 30
47 35
25 41
55 10
32 33
5 50
51 38
35 33
56 43
29 51
28 63
63 50
10 52
21 55
37 30
29 74
13 25
69 70
65 51
49 55
67 71
39 23
4 1
73 66
74 25
31 9
51 17
66 18
76 17
4 54
10 3
5 19
63 47
33 59
29 4
11 76
22 28
4 73
72 57
9 16
71 36
67 18
18 50
24 53
19 28
54 37
10 28
53 13
37 18
66 70
9 24
15 15
71 36
2 51
9 1
48 68
63 57
4 65
30 10
56 67
28 68
8 47
31 1
51 36
22 14
58 11
50 10
73 46
22 24
7 4
17 42
17 25
47 67
32 70
22 76
39 76
2 35
23 26
60 11
49 20
63 8
75 2
15 70
3 75
69 44
76 30
27 23
3 58
62 31
49 61
54 17
9 32
13 69
1 33
14 62
56 49
19 32
26 31
60 25
35 52
74 43
1 52
24 33
49 1
29 12
20 11
22 72
38 67
25 43
14 60
43 49
52 7
58 41
35 42
38 3
19 12
40 58
70 14
15 40
72 29
75 35
65 26
39 70
54 10
59 29
12 55
2 49
64 6
52 39
66 39
39 11
37 7
16 20
54 60
8 51
8 38
68 7
3 43
24 19
32 19
14 46
45 38
63 53
54 71
6 16
70 6
30 34
58 36
56 50
34 10
36 54
69 67
20 49
36 6
61 70
34 39
11 74
18 49
31 34
40 12
43 21
57 76
48 35
45 41
7 75
2 72
42 19
71 54
4 41
38 72
47 63
14 31
49 67
51 8
1 4
39 35
39 29
33 19
47 11
48 25
34 49
18 6
70 15
53 2
55 22
14 71
13 71
1 53
72 74
28 60
5 70
27 14
55 46
75 61
2 22
73 68
47 45
42 49
64 21
53 15
65 33
48 73
31 6
6 19
40 34
37 11
24 65
75 19
30 16
59 36
42 7
61 39
21 37
50 11
5 3
1 62
35 9
60 76
58 64
51 28
74 69
29 22
25 52
65 29
72 20
65 58
1 62
64 44
16 73
45 5
36 33
42 57
44 75
38 14
49 23
14 19
45 47
50 18
76 64
47 75
70 62
12 30
46 48
14 4
21 44
36 24
50 76
23 9
40 10
9 2
24 14
60 46
45 1
30 57
6 8
46 15
19 13
13 39
74 5
30 55
43 7
31 54
49 12
18 2
28 23
18 24
40 3
49 12
23 23
69 69
45 1
58 72
7 26
68 31
35 16
66 70
6 53
6 41
39 64
33 9
66 42
73 71
64 50
37 9
6 76
5 12
48 22
11 54
55 8
41 57
4 18
68 59
19 19
12 24
12 21
57 64
73 6
46 5
76 68
40 45
30 9
57 72
16 20
45 73
73 56
40 13
29 14
69 24
69 5
31 50
6 14
14 29
42 16
65 61
68 1
45 64
48 9
52 8
43 35
67 53
56 10
48 55
35 25
37 67
60 58
45 37
15 68
64 42
3 7
69 75
33 72
73 10
55 73
27 55
16 34
34 34
13 25
27 31
5 51
71 66
5 47
39 72
15 6
70 17
39 64
67 31
62 6
16 59
27 68
70 67
40 42
38 68
66 65
3 49
51 31
57 23
46 3
53 23
32 65
74 21
27 66
55 62
60 10
66 19
24 11
57 3
65 22
51 7
22 3
45 9
57 26
25 72
70 31
27 6
32 65
46 17
73 6
45 50
1 33
55 55
47 46
67 59
5 71
44 8
37 39
33 60
32 47
28 16
66 18
68 5
2 33
19 39
67 39
41 28
31 39
54 65
27 44
22 19
52 72
23 25
72 4
2 28
36 11
66 27
72 41
21 12
59 65
45 54
53 14
58 36
50 59
16 27
29 70
32 19
40 54
50 28
66 31
30 38
51 1
71 13
39 71
38 51
50 35
23 70
17 31
6 71
8 54
18 31
32 55
10 23
47 24
74 75
68 47
55 35
11 58
46 10
15 17
7 2
39 32
63 19
5 61
19 59
35 63
41 7
24 72
48 56
73 71
75 12
40 5
58 69
75 45
44 2
41 75
72 69
26 3
55 13
29 37
50 38
31 18
68 61
61 36
37 32
28 7
69 13
56 45
23 74
47 23
26 29
24 8
13 73
48 34
64 12
55 26
50 38
34 33
50 11
16 40
27 16
26 67
43 40
68 62
61 52
12 44
46 15
17 9
29 40
16 1
38 5
57 33
65 37
70 46
34 15
20 35
40 41
3 24
18 4
6 29
62 29
13 23
32 13
26 53
21 47
43 53
33 2
3 22
1 42
26 1
17 71
33 47
53 45
57 45
50 20
24 65
40 48
7 9
10 1
41 25
29 75
75 50
40 20
27 3
11 68
15 75
15 50
72 33
34 2
74 63
27 42
53 63
4 33
36 65
38 8
70 48
61 23
10 7
73 76
59 15
59 65
24 44
28 76
20 3
15 42
25 14
73 21
6 62
26 43
18 72
45 67
59 3
60 26
48 73
62 32
70 64
9 76
1 3
16 49
45 65
43 39
23 41
44 65
14 27
6 20
73 25
59 44
18 22
40 38
7 7
40 74
13 31
73 25
59 40
46 33
68 70
32 12
63 76
55 2
65 57
71 11
39 53
64 49
46 44
39 6
13 66
7 16
35 71
6 60
68 21
59 56
28 47
60 53
53 32
7 4
75 61
51 60
10 24
4 40
60 46
62 49
74 69
38 8
12 49
13 57
2 3
3 70
21 72
56 5
65 65
60 68
57 35
4 16
54 61
46 67
59 27
41 17
32 17
26 32
28 52
58 40
49 1
50 44
11 16
55 14
8 18
42 76
14 22
55 25
33 64
39 65
35 47
24 45
49 66
64 62
60 17
21 14
40 29
28 44
7 15
31 15
65 20
45 1
35 63
15 52
41 67
44 46
49 28
22 9
44 35
50 45
51 4
38 29
35 59
12 3
8 38
22 28
16 74
52 7
70 9
66 57
29 27
62 49
15 24
52 21
50 76
56 57
65 56
4 30
42 28
51 6
23 41
21 41
34 13
72 71
17 37
10 9
38 51
48 28
72 27
6 50
22 19
64 50
71 65
13 46
46 16
25 23
63 63
60 15
74 29
21 3
32 30
37 6
43 29
25 74
69 66
32 30
56 61
25 12
68 36
3 47
54 58
50 28
8 5
47 40
28 61
63 61
33 49
29 46
72 49
24 15
16 13
14 46
44 53
50 11
25 45
59 15
74 27
38 31
46 30
34 65
5 58
18 19
62 74
14 15
37 64
50 48
16 19
4 38
43 37
72 27
28 27
25 24
75 30
9 22
58 35
60 47
60 7
17 75
39 72
50 51
67 30
27 39
1 29
69 55
20 73
19 52
7 7
28 32
64 76
30 52
3 28
31 24
21 28
14 32
14 19
68 44
21 34
15 61
24 50
26 11
56 38
42 19
61 29
