74 1518
59 4
43 11
33 74
62 15
62 33
42 13
74 52
54 24
36 53
56 5
21 5
28 61
30 2
21 61
67 3
14 15
35 4
39 54
44 39
48 5
29 18
12 62
33 22
16 48
49 27
23 38
25 4
36 60
35 66
54 12
21 50
72 67
66 56
36 17
2 16
41 44
9 8
23 10
41 30
8 33
65 73
66 65
53 24
43 52
40 10
73 35
52 39
2 50
42 10
28 40
6 65
11 8
47 31
39 58
2 27
74 20
66 33
57 33
64 61
21 67
13 30
69 38
72 53
66 40
4 10
44 56
36 17
67 41
67 64
60 11
43 30
24 18
16 53
50 39
28 20
66 22
56 6
8 65
9 4
66 1
20 14
61 47
10 9
57 52
53 9
50 61
69 41
13 72
12 56
32 66
5 35
61 29
2 19
29 12
25 68
28 70
38 38
60 68
9 29
71 14
58 40
8 19
42 55
43 52
47 58
40 25
52 59
25 67
57 32
21 31
43 2
45 39
6 19
1 64
55 26
17 49
21 33
29 7
56 18
32 65
25 48
30 37
50 73
47 2
7 10
46 57
4 14
53 70
33 19
59 66
47 6
72 1
10 38
50 37
13 34
69 59
54 65
53 18
11 33
70 28
25 54
7 23
22 2
10 45
22 70
71 37
51 45
66 73
19 53
1 42
20 41
69 31
65 69
62 21
5 15
46 58
29 64
22 62
65 60
59 13
51 4
47 3
39 35
60 11
56 1
40 25
50 15
30 39
62 4
17 13
12 9
37 27
42 40
54 56
53 18
21 40
4 7
45 63
44 72
71 66
9 18
22 44
18 2
1 54
63 72
33 65
27 9
8 47
26 23
55 52
9 36
22 19
47 19
14 39
36 68
70 7
1 61
42 1
41 44
5 65
53 15
53 32
14 12
32 40
45 31
16 71
17 6
17 52
3 10
41 40
47 38
43 15
69 53
73 7
32 45
60 6
66 42
27 21
69 57
29 23
60 38
34 2
67 7
68 34
22 15
26 26
61 60
2 71
37 42
45 28
50 8
55 48
26 60
74 11
35 48
12 42
59 68
55 36
34 55
42 30
28 21
56 20
31 21
53 8
29 32
32 33
32 63
5 41
36 5
53 12
52 58
60 14
30 41
56 25
25 70
72 59
36 58
74 65
30 22
54 19
44 4
24 7
21 12
64 74
64 72
66 5
49 69
7 8
34 15
54 28
32 74
36 28
27 59
16 69
40 27
23 47
42 53
1 43
29 65
38 47
49 21
45 23
2 27
34 33
57 64
10 7
27 53
53 52
59 72
1 21
41 70
39 68
7 49
55 14
66 16
6 69
3 40
3 37
15 8
3 60
25 31
26 45
57 63
72 28
38 37
22 27
29 61
71 59
42 5
64 3
51 63
7 31
8 43
45 70
3 24
35 46
25 68
34 62
36 8
34 62
63 36
19 68
11 54
6 46
27 17
40 53
70 66
2 32
1 30
34 27
40 24
17 40
40 39
47 13
38 66
61 11
24 16
73 50
12 54
46 59
64 73
9 16
23 68
27 73
20 55
30 23
7 52
25 36
24 42
36 63
33 60
5 46
19 63
61 44
22 17
17 24
14 25
42 11
23 49
10 22
43 5
57 14
68 49
20 43
61 35
71 51
48 10
47 60
54 56
33 67
19 71
4 33
68 29
56 74
46 45
19 62
15 26
27 61
11 8
15 60
58 34
21 16
54 23
4 66
46 30
28 4
7 43
20 37
42 59
64 67
65 56
51 51
63 71
46 36
13 49
42 72
9 31
41 56
62 40
72 7
30 29
4 70
5 55
46 72
48 27
54 73
72 4
52 3
27 73
12 52
40 10
12 40
56 48
71 64
21 23
22 6
26 34
59 66
47 29
65 34
50 1
7 19
53 15
64 31
1 16
3 45
14 3
42 13
13 9
30 27
4 8
33 71
36 38
45 35
45 29
37 13
54 62
27 53
55 31
18 6
47 2
13 28
16 2
54 62
49 59
3 50
17 38
7 3
34 72
13 65
60 44
64 40
51 60
6 61
6 4
54 63
33 22
32 34
12 38
63 5
22 10
68 7
26 18
3 8
35 13
49 71
47 26
3 20
2 36
48 8
54 2
1 49
48 33
67 7
68 74
61 35
40 42
74 70
51 14
40 74
70 63
41 44
68 57
55 62
15 57
54 66
34 72
70 30
63 49
3 28
57 58
3 66
2 1
22 73
11 25
26 38
49 31
60 65
73 22
60 19
4 34
52 26
50 18
41 48
34 33
67 17
15 5
12 15
59 59
40 14
58 33
67 73
2 3
19 73
4 7
71 65
44 52
62 36
24 27
9 46
33 31
21 19
63 29
26 68
37 69
54 44
63 58
70 67
29 63
46 37
19 52
73 40
5 31
37 42
41 74
47 56
12 73
50 4
59 18
34 74
8 26
43 7
59 42
22 32
68 35
54 48
8 69
28 55
63 2
22 50
38 68
54 9
70 3
14 19
63 18
30 16
33 74
18 42
7 57
4 29
70 37
6 38
59 16
8 28
41 36
13 68
55 2
26 34
12 33
9 71
34 11
17 16
66 66
16 11
53 19
15 60
30 19
34 72
74 34
34 72
71 39
54 21
10 2
27 66
54 59
15 35
2 50
46 63
1 16
18 64
65 7
17 40
62 45
41 13
63 38
27 54
31 28
66 27
17 67
20 2
42 31
3 28
54 1
43 1
27 20
26 50
45 15
22 67
54 25
68 22
16 30
6 49
66 61
17 13
64 12
52 8
12 14
25 64
74 71
59 19
54 38
66 22
49 54
5 35
27 30
61 11
58 65
24 62
23 14
45 31
55 39
10 43
45 36
37 26
42 33
63 11
44 10
65 28
61 67
21 15
5 34
14 46
46 29
23 11
2 40
30 14
10 43
12 55
73 34
16 38
17 5
71 38
8 4
46 34
3 36
42 54
64 68
34 41
60 12
69 23
11 47
49 4
21 50
64 28
56 31
63 36
23 63
23 59
58 40
67 53
19 3
49 38
47 69
70 22
12 26
29 52
58 32
39 15
48 22
30 45
27 69
64 43
72 21
69 51
37 45
17 27
17 12
25 33
46 43
5 16
23 47
12 69
45 59
60 18
3 6
16 67
63 44
60 60
67 49
10 23
13 71
11 3
20 37
22 6
18 22
36 39
7 19
30 64
67 11
48 17
35 42
48 66
4 65
68 12
4 56
68 3
4 51
9 16
35 41
69 13
11 61
29 18
52 73
72 56
41 30
31 21
25 35
23 64
28 45
38 10
67 21
43 34
59 32
65 15
55 30
7 69
9 5
18 20
39 51
31 40
59 20
32 70
49 61
70 12
16 56
74 30
25 56
68 61
50 52
36 43
42 47
70 17
27 20
16 22
72 62
55 58
65 41
17 27
43 31
24 69
28 17
51 8
17 12
74 15
67 31
48 40
16 60
11 24
19 59
40 7
13 45
51 19
2 31
22 42
36 39
39 1
46 50
70 2
49 33
57 66
23 14
55 37
40 30
14 11
27 42
54 62
67 52
62 29
6 71
44 31
54 3
56 1
24 63
64 55
19 51
21 36
38 12
67 24
16 3
54 6
4 45
61 72
38 43
20 21
15 14
10 44
19 23
3 61
31 36
58 39
35 68
35 55
52 5
51 10
62 49
48 66
50 54
8 13
23 16
74 3
16 52
34 59
13 51
57 57
18 17
56 64
9 36
13 21
64 70
13 35
33 73
70 61
25 17
43 8
32 57
5 72
51 44
42 17
59 46
55 15
41 6
68 36
2 38
19 29
71 11
68 8
62 1
37 12
14 28
39 69
73 51
1 37
74 38
13 33
18 37
37 7
32 71
37 8
71 44
41 27
13 74
57 20
47 68
5 61
22 74
66 47
3 42
36 17
20 62
65 25
30 6
62 38
15 71
30 56
70 23
54 10
62 55
19 30
1 61
25 69
15 73
71 32
8 70
47 1
6 36
24 54
11 62
64 22
70 18
61 35
69 74
57 50
51 58
28 31
9 70
16 21
71 46
47 12
18 23
33 71
11 68
36 42
55 57
14 12
68 27
63 39
51 35
8 61
34 47
34 33
54 36
27 8
64 40
72 23
66 35
3 28
42 24
46 29
3 61
33 33
16 31
19 45
28 54
67 14
33 13
23 3
74 12
34 19
40 19
51 18
23 28
13 4
20 19
35 73
20 66
1 67
64 60
7 36
24 21
30 8
42 72
13 15
18 31
25 48
47 51
13 51
40 54
72 74
70 11
47 12
36 60
71 16
38 22
24 53
18 16
38 65
36 73
4 15
30 48
21 44
1 46
68 48
12 55
57 4
49 61
35 31
21 10
14 58
73 42
57 41
63 66
47 63
7 67
59 36
72 59
21 6
65 18
8 15
46 43
16 37
6 48
54 46
21 70
40 37
66 3
26 3
6 4
49 49
17 68
55 61
33 53
44 67
46 4
31 13
7 13
20 64
35 50
54 54
34 51
54 68
34 67
66 50
27 28
45 11
71 14
53 68
39 2
72 40
63 50
58 39
26 9
39 37
50 69
62 22
13 42
55 45
47 63
20 74
60 65
38 26
52 59
33 73
20 4
50 62
26 6
63 28
72 46
70 29
53 14
38 10
31 33
65 11
1 9
6 12
21 7
40 31
8 13
70 19
69 65
31 56
7 57
26 55
9 29
65 28
59 38
9 10
70 74
36 44
72 51
14 14
60 52
25 51
71 37
6 60
72 25
45 47
31 1
22 18
69 50
63 11
25 41
6 70
36 45
49 32
62 65
13 70
19 10
18 55
20 32
64 25
1 12
42 50
51 30
73 39
10 35
17 58
69 66
53 36
12 16
25 12
13 55
64 21
2 11
51 16
31 48
41 72
51 20
51 39
62 46
18 9
3 23
65 18
27 31
5 41
8 63
11 57
51 5
60 70
39 48
56 73
58 38
37 69
44 49
47 3
27 12
66 12
57 17
40 68
73 42
44 68
74 54
45 1
23 73
45 21
72 47
19 10
68 10
71 59
39 25
1 41
45 74
11 61
30 19
35 15
70 55
39 47
11 30
12 10
52 27
59 36
56 67
5 74
13 72
3 63
36 29
61 58
3 66
62 9
18 10
29 72
45 34
53 27
61 53
35 59
60 60
12 74
32 43
57 58
7 44
14 13
61 19
3 55
70 67
38 7
69 24
52 8
7 71
68 2
51 37
70 54
49 4
12 37
13 5
15 19
29 26
67 51
53 9
67 47
29 17
44 4
10 3
68 72
7 48
45 28
45 8
18 18
70 59
1 6
69 43
9 8
43 67
72 14
22 37
23 25
4 48
30 54
67 19
18 38
56 49
23 45
45 30
39 24
53 31
27 22
17 17
13 16
26 17
6 34
7 63
5 55
27 60
54 20
34 62
53 55
41 65
63 23
68 61
34 15
44 38
54 54
31 65
63 52
74 65
44 56
48 72
51 28
70 57
51 20
16 16
69 8
11 50
39 43
72 69
72 68
60 40
14 31
43 68
74 10
29 70
72 41
49 13
53 46
2 20
62 15
59 58
55 50
17 1
71 23
55 33
65 42
15 55
32 14
32 66
65 67
74 16
71 12
31 70
3 6
47 44
20 39
72 44
20 14
3 43
32 18
62 27
21 36
69 22
51 56
34 48
22 5
49 19
57 12
16 36
46 32
69 59
51 27
10 9
70 29
47 15
53 39
32 50
31 48
1 51
18 5
69 16
51 21
16 55
57 68
10 25
37 9
9 4
73 4
34 26
52 6
47 74
50 14
8 23
41 3
61 56
21 50
39 25
49 21
64 38
38 51
30 13
59 66
70 35
50 16
22 27
9 23
62 8
34 67
28 36
3 37
22 37
20 30
19 7
31 60
49 25
24 39
52 32
24 23
74 66
70 47
28 18
21 53
5 54
38 54
60 31
71 40
62 16
14 36
74 52
53 63
13 22
28 11
32 18
74 57
15 37
69 16
4 12
15 17
24 63
56 73
54 31
20 47
69 27
20 45
12 25
28 48
29 46
25 36
33 23
46 6
52 16
47 3
3 18
8 72
13 13
15 5
18 69
14 73
54 70
49 22
41 20
37 62
6 9
71 9
69 49
19 12
1 23
36 49
2 12
12 41
14 11
26 25
49 29
4 70
55 65
28 8
29 56
51 39
46 22
66 35
35 21
50 66
62 13
36 63
38 9
1 43
8 11
73 5
65 24
49 26
50 46
53 18
17 55
60 50
25 43
6 45
67 19
40 46
65 70
36 16
43 49
28 53
66 7
72 52
42 58
10 6
30 60
50 70
65 28
62 33
44 28
53 60
55 3
43 56
29 21
61 61
52 34
50 18
65 34
38 42
14 29
31 48
16 11
12 19
65 63
18 33
51 2
9 16
28 59
61 8
21 61
24 71
55 38
30 23
40 16
60 61
44 67
32 57
42 55
24 67
58 30
57 11
26 41
22 14
26 19
31 9
29 66
7 55
68 29
56 66
32 22
63 19
62 30
9 62
54 14
62 48
53 23
4 17
5 28
22 54
73 35
54 53
13 44
56 70
6 73
30 72
46 72
46 64
10 68
38 64
68 4
63 63
32 20
73 59
23 47
69 8
60 33
64 31
49 53
44 14
3 38
54 16
73 65
47 25
7 59
13 68
72 1
13 11
31 48
60 4
44 61
47 57
54 52
45 1
18 19
28 6
1 70
56 21
14 53
8 12
24 11
38 5
21 39
57 30
73 29
31 12
10 24
10 50
63 21
32 22
71 7
58 9
14 44
18 24
37 30
54 36
47 17
47 64
20 69
30 7
16 56
72 44
74 68
36 25
