97 1438
86 34
61 86
37 18
7 4
3 45
36 34
43 58
60 9
84 2
19 51
42 61
7 69
57 75
55 61
49 91
56 40
73 75
7 58
41 69
83 5
64 82
3 60
8 82
89 16
1 44
53 37
77 31
53 21
97 87
78 88
79 17
6 33
49 55
71 33
66 37
2 20
92 7
53 68
39 14
9 26
28 43
45 36
63 58
16 60
27 74
45 11
77 95
23 34
43 47
58 43
35 74
43 43
42 57
60 17
86 47
56 92
52 77
76 94
2 11
73 27
66 20
44 84
45 35
56 2
57 76
78 7
13 24
84 89
39 93
88 64
8 87
84 25
72 62
57 3
96 79
79 4
31 94
1 89
8 35
23 83
7 87
28 21
6 66
91 58
86 75
47 91
94 86
13 74
4 67
64 23
24 63
10 44
89 18
58 9
69 92
60 85
4 96
74 25
45 37
93 19
21 48
56 79
90 57
62 71
9 40
62 27
71 48
49 37
24 70
80 79
7 85
60 77
45 24
70 54
67 51
13 32
86 20
18 89
75 43
13 10
84 24
67 22
76 41
32 58
66 42
29 48
49 77
83 22
31 13
42 32
51 50
16 91
67 30
29 43
36 66
24 17
29 14
55 78
78 39
41 78
46 47
79 70
58 56
15 70
86 31
16 17
54 45
36 82
96 15
13 22
81 22
65 69
4 83
63 8
43 42
45 14
65 6
70 73
33 75
67 8
76 1
72 65
2 87
80 96
22 28
20 47
5 8
39 41
84 84
24 97
30 18
4 70
17 23
57 39
94 21
85 86
15 17
78 43
97 37
42 58
4 78
85 87
77 44
87 10
86 59
83 81
68 36
40 14
6 64
12 91
15 91
79 14
26 93
13 70
37 39
1 43
54 69
6 5
5 42
89 61
54 30
17 71
34 58
72 88
14 96
83 38
58 5
89 80
53 59
89 69
51 26
81 94
41 22
63 81
78 18
28 80
80 68
9 78
38 6
3 20
34 34
84 39
42 15
41 58
91 73
69 3
54 29
83 31
7 46
32 86
51 28
33 77
41 12
5 57
20 65
97 95
53 50
23 82
40 64
32 60
68 4
7 34
28 53
36 75
96 58
19 26
48 79
80 55
95 41
84 4
41 36
5 79
88 53
80 37
13 45
21 93
60 36
11 67
15 10
25 51
7 81
5 45
20 45
64 6
6 24
19 7
42 94
81 6
77 66
44 9
79 88
4 58
6 7
34 88
96 83
72 3
11 97
72 91
39 40
15 68
74 95
58 83
35 11
49 93
42 71
34 3
88 36
58 2
65 77
44 23
49 60
71 85
39 87
7 16
7 49
58 62
31 13
65 91
85 52
8 22
42 23
11 29
11 13
90 41
45 92
30 54
39 41
37 37
1 42
81 82
77 18
7 10
30 81
94 9
12 77
11 31
68 30
69 77
34 47
22 87
54 32
17 91
4 36
16 49
34 69
40 64
20 23
76 45
96 51
22 87
8 90
73 78
68 22
11 96
16 1
11 4
97 45
5 81
39 24
77 37
67 94
51 30
37 22
21 95
22 97
57 10
52 60
10 31
78 39
84 97
30 90
51 17
18 41
37 51
87 60
68 20
30 38
91 67
41 2
13 56
73 43
30 49
50 17
32 80
31 41
86 13
62 30
63 9
63 64
72 11
94 55
94 49
37 94
90 33
41 68
56 34
44 74
12 87
8 5
81 97
69 59
27 69
54 47
16 93
80 38
69 9
66 24
56 10
2 37
2 17
94 85
26 8
53 43
67 45
90 83
35 62
14 65
33 24
55 26
45 55
51 51
5 91
93 19
21 90
44 32
87 66
62 70
59 43
39 32
80 79
56 31
69 77
12 22
90 8
55 29
17 65
2 21
9 95
34 67
77 1
86 1
95 23
65 33
88 21
7 18
57 33
74 78
15 46
9 89
7 12
7 65
60 8
78 12
34 29
96 20
52 47
55 41
34 34
11 81
48 10
38 16
36 86
31 68
8 55
21 46
23 71
46 92
42 56
23 83
33 3
69 47
55 3
18 29
20 17
41 23
84 88
9 57
16 82
58 14
88 46
39 81
79 82
54 54
84 78
2 39
51 89
91 72
6 17
29 12
15 64
72 75
30 71
64 9
53 24
47 42
35 11
47 83
2 80
56 93
50 11
19 11
18 5
69 5
86 96
75 57
16 34
19 91
6 37
46 29
27 70
25 16
25 86
41 55
18 80
94 50
61 36
72 25
15 96
91 87
75 82
46 62
41 42
94 86
58 77
68 57
66 13
80 76
9 89
29 73
87 58
80 35
71 36
34 48
44 82
93 27
17 97
92 67
44 44
9 43
89 37
96 7
7 29
12 18
41 81
73 75
85 13
86 76
63 55
66 81
49 39
50 62
19 82
84 81
1 76
93 46
43 25
36 4
34 64
51 34
11 76
35 48
82 21
87 4
47 14
6 23
7 59
76 25
21 85
8 14
35 2
9 11
53 48
32 53
58 50
80 46
66 56
55 39
69 19
43 31
96 20
2 2
92 78
79 5
11 47
91 27
81 54
34 51
3 40
35 53
27 68
85 23
53 56
61 46
91 9
53 3
62 32
34 23
64 94
24 4
43 52
91 57
27 34
9 75
38 28
25 63
1 86
12 35
58 43
28 12
38 9
63 79
57 44
83 92
75 9
33 9
83 46
26 82
92 3
47 32
78 82
52 11
3 74
8 63
21 70
80 80
70 39
43 2
41 53
19 51
15 89
22 69
81 18
87 35
86 20
9 33
51 34
80 3
34 18
47 13
64 45
44 7
34 41
81 39
66 74
97 32
32 45
25 83
21 10
67 53
9 6
17 5
91 20
73 39
91 84
84 86
84 7
10 30
86 55
34 23
31 68
41 80
55 28
57 15
43 34
25 45
36 5
95 9
22 43
43 42
56 86
43 8
83 78
46 11
48 7
20 75
1 9
72 30
89 60
23 48
88 91
75 63
48 56
57 78
69 27
68 24
77 16
41 52
50 42
16 4
15 54
74 36
89 75
39 53
41 6
82 78
41 42
84 43
41 45
72 73
74 57
32 50
90 58
83 68
5 85
87 79
42 63
25 5
62 9
86 92
69 38
26 9
50 24
35 12
68 74
17 92
46 16
7 29
9 67
4 68
89 30
18 26
22 97
78 64
88 28
91 21
55 6
42 19
2 33
19 71
24 69
45 32
57 9
88 19
18 35
87 89
25 80
75 40
6 5
82 30
49 11
51 22
18 85
82 41
38 58
81 25
92 73
63 21
11 97
7 37
24 74
53 57
87 45
82 62
81 82
14 58
48 41
40 42
88 27
47 72
39 70
8 5
48 73
92 19
57 79
4 92
74 21
57 38
90 69
62 45
61 6
26 91
82 38
83 1
68 66
31 74
50 60
5 21
16 18
44 32
20 88
83 95
14 42
41 66
55 77
14 38
65 53
18 40
17 87
26 51
27 53
59 35
60 65
1 3
38 66
46 16
40 4
47 66
60 37
29 7
45 3
9 3
22 37
90 53
57 29
57 26
52 89
18 8
55 32
55 88
20 35
73 3
96 62
80 44
18 79
47 1
56 67
94 1
8 43
74 95
70 49
24 10
56 82
92 28
62 19
80 2
58 7
63 76
75 80
30 24
60 9
67 59
32 65
30 84
45 78
74 35
41 8
27 6
67 38
40 44
78 72
4 47
17 29
36 84
46 84
30 72
85 94
82 23
5 24
27 51
33 56
82 16
44 14
58 48
27 61
12 6
70 39
96 3
31 55
72 85
65 10
88 1
10 20
30 91
70 93
87 80
84 4
36 95
82 9
45 54
97 1
85 5
10 83
22 5
73 91
63 73
28 16
50 21
79 39
48 55
61 82
95 60
75 48
89 81
91 43
7 31
46 61
7 46
18 90
36 57
23 73
55 17
63 7
32 17
90 31
60 88
11 29
2 66
41 6
48 78
52 58
33 42
46 75
35 73
7 32
77 75
84 28
3 83
41 82
58 96
50 92
90 11
41 19
83 50
28 6
70 21
49 45
11 8
97 90
42 5
72 86
41 13
52 9
1 14
50 85
34 12
23 9
53 26
8 47
45 63
47 37
88 7
60 30
95 82
37 40
73 52
23 51
29 72
72 27
84 46
14 82
93 59
72 74
75 27
8 6
95 50
5 96
92 80
90 82
45 2
55 87
49 4
88 27
17 39
88 94
24 49
96 52
46 83
8 92
55 67
70 11
21 30
2 78
35 55
91 11
39 65
27 89
80 64
37 9
39 11
29 30
95 76
80 63
89 1
81 6
49 34
53 34
15 20
47 34
52 84
66 64
36 3
2 16
53 33
73 2
55 97
72 5
17 87
86 96
81 92
60 90
22 89
58 14
7 50
38 19
26 14
82 53
68 7
26 19
44 11
2 39
84 17
21 89
51 86
52 63
87 55
38 95
93 70
62 61
42 87
75 46
94 5
97 52
57 32
26 89
5 20
22 12
16 47
31 87
76 24
73 45
11 5
86 43
17 16
80 1
19 21
75 36
89 92
95 85
83 88
86 6
60 93
74 72
32 52
59 32
13 92
80 51
81 56
26 73
40 49
46 41
43 61
95 41
19 76
72 34
36 44
92 57
27 33
40 50
88 47
23 77
95 97
74 6
88 7
82 15
94 80
14 63
97 27
29 20
54 82
48 42
95 16
6 42
96 17
49 82
37 82
32 64
15 26
58 3
32 3
69 30
85 28
86 84
42 25
26 70
69 20
12 11
63 97
96 72
54 35
81 1
95 68
76 48
72 86
44 81
24 66
54 65
8 89
64 49
82 62
16 13
27 59
40 66
85 88
52 29
36 81
45 78
65 68
29 88
4 81
37 63
50 59
39 87
44 17
43 12
2 79
8 42
26 9
81 34
65 12
20 44
28 78
16 69
32 58
52 47
94 53
44 69
72 77
32 82
24 1
91 52
51 95
68 2
30 29
69 76
80 8
37 37
80 11
53 53
93 74
73 2
49 12
45 75
61 12
73 80
15 36
33 31
26 60
22 88
70 55
25 3
97 77
32 44
62 8
74 62
51 86
96 13
3 69
48 10
43 85
84 88
11 13
8 32
2 22
87 66
76 66
39 95
63 75
17 85
29 86
17 96
86 80
24 1
96 90
81 26
95 85
63 93
27 36
31 95
15 23
13 55
82 25
88 7
27 14
18 2
38 90
66 49
48 19
32 10
43 3
54 73
71 66
65 86
24 5
83 66
72 43
10 96
27 97
44 1
60 73
79 29
13 13
21 4
4 95
1 78
65 71
72 50
16 22
30 77
80 35
39 84
37 97
94 55
10 44
36 25
82 79
68 31
32 57
25 51
44 7
42 93
19 22
38 85
66 20
42 38
27 57
34 97
41 19
29 73
54 80
87 91
71 9
83 65
64 29
29 97
8 37
75 59
15 51
73 18
92 47
59 97
88 82
15 68
11 11
96 95
27 75
91 50
53 28
67 17
22 91
36 60
49 12
31 97
54 91
58 76
5 82
27 88
58 50
92 42
29 33
19 45
18 40
66 90
87 90
56 7
55 97
72 41
54 31
57 35
97 58
73 65
91 63
93 8
50 81
75 23
6 26
18 49
39 51
39 42
52 1
86 56
24 42
18 57
83 88
44 93
32 88
88 13
51 60
45 21
3 48
31 40
88 2
22 91
30 33
82 60
11 15
53 32
63 46
51 55
50 57
37 7
80 90
46 2
43 20
84 8
75 62
97 97
19 46
96 2
85 12
24 90
65 29
11 17
78 57
91 36
78 41
60 15
59 56
32 24
6 24
73 77
14 43
45 68
28 87
11 23
13 82
52 16
47 71
64 14
74 88
96 80
32 62
19 83
78 97
61 24
49 14
12 32
5 79
65 91
39 24
37 84
35 86
85 95
45 92
29 12
23 81
76 15
19 79
89 30
18 84
20 32
16 21
56 24
37 22
4 88
35 89
81 95
76 69
58 1
18 52
46 52
69 18
89 2
64 28
74 54
35 78
75 38
79 93
4 47
8 66
88 39
65 95
61 47
96 41
59 11
20 28
7 26
92 86
58 83
30 71
90 88
14 40
71 13
94 61
68 60
31 39
24 17
96 91
89 82
47 77
16 49
91 89
27 40
54 26
1 33
25 95
13 26
41 43
16 82
23 81
22 23
7 24
34 50
67 96
6 1
6 22
20 49
78 91
34 40
10 36
71 29
36 25
14 33
47 92
41 7
94 92
34 13
94 97
36 54
8 70
95 63
70 23
88 89
12 36
24 73
85 42
85 25
59 50
23 3
84 26
95 10
25 86
34 26
29 80
72 78
79 47
75 87
51 33
16 85
33 21
93 35
11 78
23 40
66 45
91 25
88 91
90 85
92 90
68 62
51 94
17 20
66 31
72 8
33 70
33 38
62 23
81 29
73 45
83 31
62 16
90 93
59 38
48 88
92 28
3 7
57 94
28 82
54 13
72 11
