78 700
45 21
10 21
46 15
29 11
9 27
36 24
10 48
31 21
32 61
65 66
40 6
14 33
31 70
61 5
29 8
25 5
23 24
78 76
50 35
70 58
16 56
63 75
18 18
37 24
69 75
11 54
4 30
4 41
9 44
7 31
72 25
16 45
59 39
17 31
14 52
9 49
69 26
37 67
4 20
16 4
3 53
60 47
6 19
56 43
11 60
5 74
8 36
35 50
77 63
67 11
43 44
61 4
62 53
22 35
63 21
37 3
2 6
17 40
39 27
21 41
5 72
68 60
69 18
26 34
59 23
65 4
45 67
31 44
69 28
45 76
22 5
5 6
22 14
38 68
9 39
43 37
55 63
78 66
73 35
56 41
36 13
34 2
44 29
11 69
18 11
39 27
69 34
6 13
73 25
21 15
8 44
66 56
56 9
6 38
23 3
7 17
6 54
46 72
55 3
44 46
73 65
56 21
36 30
42 24
70 74
2 65
25 46
20 41
17 74
71 71
56 3
68 5
21 36
11 1
56 75
5 60
19 35
33 55
55 17
63 56
54 37
46 47
35 66
40 22
12 16
11 62
58 50
52 3
22 75
12 33
75 31
56 29
52 13
39 41
65 4
77 44
9 44
42 17
34 28
49 46
1 7
3 40
31 18
71 55
77 69
38 50
17 59
76 32
48 9
44 2
49 20
70 33
13 3
3 56
11 64
60 23
64 1
36 62
30 16
60 19
70 10
66 77
19 31
10 23
77 53
67 35
63 23
70 56
71 60
77 15
5 44
29 77
19 14
62 45
73 10
70 58
4 46
25 16
10 3
74 33
12 39
9 19
17 74
69 15
35 62
62 57
75 30
42 58
60 32
12 66
72 55
45 26
21 37
41 12
68 19
69 12
40 76
46 63
51 67
53 46
17 21
47 45
57 3
4 55
23 9
26 55
74 57
55 39
74 62
70 33
57 73
10 17
49 72
44 66
50 2
25 66
46 26
73 31
38 31
34 70
37 26
55 13
23 9
64 47
9 3
47 21
65 16
27 35
75 28
42 9
75 23
58 75
16 45
21 44
10 33
38 66
27 67
14 63
49 4
16 29
18 50
7 55
70 74
61 49
52 2
71 53
27 68
41 16
38 35
35 54
19 34
7 65
76 58
35 78
31 50
43 33
62 15
50 74
25 37
40 66
22 11
40 27
1 1
48 58
46 40
7 67
70 52
28 40
54 15
45 21
45 14
31 52
37 26
13 30
72 15
3 19
10 3
75 35
62 11
73 8
16 50
39 62
77 43
23 50
49 44
44 35
6 16
56 6
64 75
21 43
37 48
51 75
11 75
27 10
17 46
61 63
51 55
21 50
58 41
29 64
38 13
65 25
76 9
24 54
1 72
76 2
76 12
14 40
65 25
39 77
27 15
7 43
65 54
75 39
18 26
55 21
54 44
31 68
19 65
23 67
60 34
3 55
36 49
5 21
24 76
65 17
71 57
38 7
26 67
56 65
15 56
7 74
12 46
16 11
34 76
59 76
42 48
63 15
11 76
26 9
27 44
26 61
21 62
26 21
17 23
17 65
59 49
78 2
42 69
33 30
57 44
14 26
11 72
36 59
25 76
70 45
36 66
56 26
33 54
31 19
38 39
49 24
65 10
26 65
72 31
9 76
74 57
61 54
31 53
39 20
45 71
62 46
47 66
26 61
1 34
15 14
37 73
4 64
5 27
72 68
16 22
68 26
34 47
29 55
40 41
16 17
16 68
12 19
35 66
78 20
24 15
68 23
27 25
1 16
40 36
61 57
72 46
63 7
33 32
23 15
13 16
34 60
22 25
53 49
20 68
25 54
3 33
8 1
49 33
56 30
72 1
5 78
3 53
73 64
25 63
53 27
13 36
62 44
29 52
24 8
75 32
26 37
60 55
31 71
61 5
74 30
49 46
11 47
32 1
54 49
57 8
17 4
38 20
28 15
48 45
13 69
10 71
5 11
55 45
39 53
47 26
18 44
58 49
21 36
26 4
11 17
20 13
14 43
62 64
61 22
61 53
35 47
67 72
55 77
30 65
22 9
65 33
44 76
71 10
6 54
68 44
2 66
54 64
37 31
50 9
51 69
38 64
31 65
69 27
31 72
22 25
65 8
43 36
49 13
32 74
11 28
32 26
52 47
1 73
62 61
70 55
61 67
61 3
57 27
64 65
60 40
26 3
3 54
35 74
65 59
4 13
25 73
22 16
10 70
15 50
8 48
14 75
76 33
19 32
57 9
35 52
14 53
17 19
41 8
19 23
1 25
32 58
24 67
28 22
74 20
46 1
32 28
65 33
29 62
17 6
28 3
46 48
31 46
8 73
15 43
61 25
62 66
46 16
40 49
11 64
27 20
18 38
78 4
61 69
70 27
61 47
17 25
31 13
10 17
68 61
1 32
67 50
34 4
34 61
53 74
46 2
13 37
63 35
3 48
26 8
3 44
35 19
47 12
67 47
36 5
8 8
10 36
63 22
48 9
18 17
23 53
39 28
69 66
47 43
10 13
61 11
75 74
29 53
11 8
50 40
17 21
63 42
57 11
30 13
1 15
8 75
52 69
16 26
60 33
46 28
43 69
57 70
29 44
42 50
43 38
46 23
58 46
52 72
23 20
25 34
33 46
47 64
41 29
60 49
24 13
18 58
29 17
60 58
60 75
15 4
55 73
59 64
14 41
7 3
10 63
68 31
53 59
74 70
23 44
49 11
72 22
60 53
77 48
52 75
6 20
48 58
36 26
36 78
7 77
10 78
12 69
49 39
8 20
15 78
65 58
9 52
57 18
75 11
53 46
15 3
74 44
25 64
1 44
58 58
68 57
29 68
57 42
17 15
58 60
64 32
77 20
4 32
13 26
19 33
23 72
39 36
41 20
60 50
34 52
9 10
24 73
3 71
13 7
42 7
75 9
67 36
67 59
65 29
39 25
58 68
4 46
49 2
69 39
67 32
30 45
7 38
1 46
71 46
76 5
30 5
4 13
13 34
34 4
53 75
54 61
75 64
17 35
64 49
32 72
17 54
66 63
36 16
18 10
47 18
56 66
11 66
62 5
5 68
27 58
14 46
2 52
26 64
35 49
40 5
25 5
73 8
62 41
63 56
46 73
13 43
15 15
52 53
56 74
55 44
47 70
