78 2870
58 68
55 35
35 47
41 29
66 2
25 16
62 53
57 17
22 67
45 38
8 11
47 25
62 19
21 4
45 13
7 64
44 69
4 57
69 54
15 32
54 34
13 30
75 17
74 76
59 55
54 41
16 61
55 26
21 15
65 41
20 8
51 25
52 24
18 46
14 71
70 51
27 39
55 55
4 32
55 24
56 38
9 70
61 51
71 5
20 34
11 41
20 6
32 70
69 71
46 56
36 54
58 66
35 19
35 22
36 40
31 6
40 45
33 34
54 71
15 43
74 57
69 45
26 20
77 67
78 6
74 9
10 1
66 32
53 46
21 72
43 20
57 49
66 13
30 47
45 10
62 45
46 75
55 69
51 2
76 77
25 47
14 40
21 21
22 8
11 66
69 76
12 16
27 20
17 10
61 29
37 60
76 7
49 76
48 71
34 72
16 39
75 27
8 18
42 66
37 36
42 78
22 36
70 27
12 41
38 64
60 27
22 61
76 17
60 72
42 17
70 47
48 47
23 19
70 26
46 24
58 71
19 51
52 76
60 42
14 61
40 23
36 72
21 70
38 20
41 73
62 44
49 54
24 60
62 28
54 29
73 16
69 78
17 15
10 62
51 76
43 78
24 7
77 3
63 13
5 43
57 26
51 50
6 35
26 33
77 2
60 49
52 40
34 21
15 22
9 70
71 43
31 69
8 49
60 8
9 38
45 49
29 51
31 43
8 28
8 36
47 29
53 70
44 3
23 57
31 46
7 48
43 4
12 33
3 58
29 31
72 38
63 75
42 14
56 18
24 5
76 28
49 16
69 47
68 75
32 11
38 12
40 22
7 36
28 50
56 4
25 54
64 5
71 39
21 71
9 77
63 42
45 18
58 58
11 75
56 20
70 57
21 66
29 40
2 59
44 69
42 51
44 27
44 9
68 75
9 36
35 1
44 22
42 68
24 78
20 56
50 29
77 40
51 68
24 54
2 23
38 30
12 18
58 30
8 1
6 34
21 78
52 73
74 52
49 59
34 50
13 11
70 54
70 3
39 21
24 69
64 25
77 50
25 31
9 49
45 51
64 67
27 22
65 5
7 46
69 61
42 58
67 15
20 65
7 26
6 58
43 62
19 23
10 8
4 78
41 14
77 44
52 58
14 61
76 38
46 46
20 61
72 24
48 36
29 19
23 31
39 41
18 40
31 57
73 62
21 64
35 1
63 20
26 22
35 43
37 41
74 58
70 68
17 52
65 21
5 3
12 39
23 38
55 5
27 44
62 17
17 9
16 62
16 25
46 8
3 26
60 47
72 67
13 70
24 77
59 33
33 59
33 59
65 11
30 61
35 23
74 48
6 56
24 37
2 34
12 40
15 27
19 36
21 24
42 50
69 2
10 36
41 69
10 76
63 42
73 3
4 13
66 71
22 15
30 76
52 39
17 55
74 42
58 36
70 7
43 75
67 6
39 26
43 19
26 22
72 35
6 30
44 2
22 31
34 66
10 54
10 35
68 16
47 47
75 62
2 66
53 67
38 8
62 72
71 31
23 50
3 28
46 25
60 22
63 17
11 16
38 60
15 46
35 9
52 43
67 11
57 67
78 42
75 54
77 39
1 34
22 55
9 7
37 64
35 9
23 7
5 61
28 48
1 64
19 40
52 30
32 56
36 11
23 20
38 14
78 6
44 25
65 43
37 40
72 42
18 7
72 31
26 60
78 57
55 64
68 66
21 29
61 49
43 76
56 31
46 18
9 20
17 26
26 7
10 49
6 60
36 51
52 78
63 45
56 74
46 70
66 8
30 48
23 26
41 50
21 37
74 35
53 13
65 47
57 47
43 36
23 22
2 53
55 55
52 44
53 69
73 62
7 13
65 67
30 77
22 70
32 18
11 62
74 59
34 62
56 20
17 35
11 49
33 61
41 39
16 56
45 49
41 77
25 28
51 29
38 42
45 9
43 20
16 5
61 47
1 8
27 59
68 61
77 77
63 9
40 17
68 47
69 78
62 57
61 53
11 8
28 31
21 27
13 51
69 54
53 44
5 46
48 22
1 11
60 12
63 52
28 37
9 13
42 27
59 44
37 54
39 54
55 51
38 18
74 20
27 42
36 50
49 58
62 69
58 72
24 27
4 54
68 19
50 36
22 63
16 1
50 58
28 20
41 73
33 77
61 30
70 19
12 74
28 54
13 7
75 8
34 54
17 27
56 30
20 47
13 4
10 2
65 48
76 42
65 44
28 44
38 16
62 73
61 47
68 24
17 75
61 27
28 71
31 28
1 77
64 65
28 21
69 14
28 68
20 2
63 38
68 27
12 20
36 50
45 11
74 78
42 44
37 78
26 6
25 6
68 18
24 60
76 35
46 49
7 43
2 73
45 30
31 52
77 58
49 51
61 65
20 63
56 7
33 57
52 12
34 33
45 44
71 56
49 8
60 33
50 34
1 58
57 24
58 14
23 59
69 7
62 34
67 26
67 48
10 12
64 50
58 71
28 22
75 37
42 29
71 69
69 69
40 67
63 15
56 17
39 56
6 66
24 50
69 1
51 77
10 32
32 56
64 65
64 20
66 48
47 6
52 13
4 73
40 10
23 32
22 1
7 58
15 78
2 19
49 48
16 25
24 16
8 11
3 1
37 65
9 26
28 56
69 4
1 13
36 27
19 9
31 74
62 46
34 57
56 22
30 66
73 53
28 76
64 16
10 71
10 8
25 31
71 10
39 70
17 57
56 34
20 65
31 38
34 62
64 46
16 76
47 61
2 47
39 54
42 77
64 41
49 73
22 21
78 18
40 51
2 52
75 27
52 10
37 30
66 20
63 51
60 14
65 23
70 16
54 76
23 11
78 46
7 36
76 70
73 9
7 66
70 34
55 42
30 53
17 19
10 51
71 74
35 59
78 49
14 27
17 76
27 74
51 39
26 62
24 1
76 63
39 73
47 2
63 72
69 21
9 18
42 24
47 72
55 53
69 5
52 29
37 61
12 9
72 14
70 38
48 60
33 59
21 48
55 25
27 32
35 78
68 3
22 9
52 46
61 74
29 8
8 36
70 58
76 27
12 15
1 61
73 21
67 16
64 32
30 49
8 9
52 63
27 8
72 43
74 54
29 77
47 10
31 16
13 3
37 60
51 66
10 27
67 65
68 65
65 33
32 69
41 11
19 71
40 30
61 56
35 40
10 71
71 1
52 2
6 30
42 73
70 52
75 69
64 59
12 16
16 27
6 63
68 67
73 44
27 41
55 35
8 13
72 36
41 32
21 49
34 10
62 39
52 36
13 22
42 59
47 19
58 43
42 54
40 53
46 35
9 67
33 13
21 19
57 1
1 23
25 60
16 31
29 18
46 12
54 28
61 23
33 60
39 11
23 13
75 19
21 65
11 23
71 72
17 64
33 33
73 54
28 53
43 55
16 72
47 32
31 28
28 28
32 69
61 50
66 74
76 10
16 56
75 21
16 23
37 60
30 38
4 66
2 74
54 19
55 62
62 42
40 32
30 56
6 44
51 20
59 10
33 22
45 40
72 66
36 51
44 50
71 17
14 68
75 4
4 11
10 59
12 54
17 71
3 33
58 36
62 77
74 26
7 27
72 52
72 6
73 55
21 47
28 49
24 40
1 16
8 51
77 20
3 19
75 16
36 49
70 44
42 8
16 6
17 67
57 63
63 7
16 11
37 15
26 12
48 74
18 1
34 76
66 34
60 34
7 9
23 59
13 59
53 63
40 19
58 41
42 40
31 78
55 9
71 58
41 74
22 16
37 56
67 68
33 5
67 19
31 2
60 67
21 35
74 73
8 36
21 6
27 58
61 35
9 20
73 30
58 46
47 58
14 19
18 62
47 49
9 68
34 8
67 73
11 53
23 54
13 73
78 40
70 15
19 47
24 11
48 56
75 43
18 59
48 14
40 48
22 73
8 52
14 5
2 15
61 5
53 14
17 51
44 65
24 29
4 40
13 56
29 59
25 58
41 8
12 62
72 4
51 62
60 11
47 13
34 67
20 77
33 68
60 10
57 33
47 71
50 48
50 48
49 48
60 68
36 5
34 62
37 27
75 26
17 55
61 30
71 32
74 25
58 14
18 23
17 27
25 50
48 10
11 8
75 42
67 5
54 68
12 52
66 17
28 40
38 19
78 25
57 17
2 50
1 74
57 7
71 14
54 56
53 54
56 10
12 50
76 13
27 7
20 29
25 29
40 69
65 29
50 21
18 13
16 4
63 35
69 52
78 31
20 64
54 62
77 17
73 61
52 59
40 1
42 56
39 73
77 33
48 26
15 74
47 64
5 21
59 3
64 17
49 71
59 49
40 27
33 34
28 16
47 70
22 47
13 69
26 37
35 3
39 74
11 70
43 26
23 66
62 20
52 24
11 15
73 73
20 11
56 49
38 76
50 14
16 35
24 72
40 38
61 10
75 57
31 15
57 26
62 64
56 49
52 14
66 36
59 52
11 20
43 9
41 41
54 18
49 45
21 20
8 4
3 40
65 44
57 43
62 38
52 59
46 8
26 48
24 49
11 75
35 59
4 4
72 15
62 59
21 75
49 21
21 49
8 3
4 29
12 25
52 54
71 4
45 12
2 14
26 1
21 76
57 10
16 9
73 62
19 39
55 71
76 37
11 44
28 68
39 24
61 26
41 45
66 46
78 19
36 1
58 48
37 11
41 38
9 29
27 65
17 49
1 36
62 48
16 49
16 69
38 28
63 27
30 43
58 69
22 1
40 70
29 26
19 52
37 41
15 64
53 25
25 8
74 25
7 35
69 42
78 50
9 23
57 29
45 23
29 5
70 7
70 7
16 34
1 26
26 57
59 77
77 4
71 16
50 64
68 72
64 18
29 13
61 5
69 38
35 41
8 77
49 41
54 49
50 56
29 51
25 5
31 6
10 32
71 19
38 65
9 12
60 41
5 29
12 47
76 78
47 31
61 1
17 78
11 7
72 64
21 60
20 17
66 68
16 21
77 66
61 75
3 16
49 64
71 38
59 29
47 11
50 54
16 23
37 76
39 57
32 1
47 16
29 25
64 54
36 14
13 26
68 30
4 41
27 3
69 45
25 36
64 36
33 52
41 27
48 39
2 46
53 73
26 34
7 42
20 43
12 40
41 60
48 60
37 31
11 66
2 31
65 42
42 24
56 37
66 44
55 78
22 65
27 17
42 24
62 7
20 15
67 1
7 54
33 52
78 40
10 42
54 2
14 75
69 52
48 66
25 60
9 57
73 72
38 55
55 34
11 27
76 60
78 17
27 33
38 4
29 32
54 69
11 29
48 52
7 16
27 64
37 48
13 54
67 29
57 23
9 2
61 75
56 22
40 12
49 56
37 57
23 5
37 42
73 3
28 17
38 12
6 49
50 11
38 24
64 53
25 24
20 60
41 24
74 21
6 42
50 1
60 61
61 13
66 37
42 12
64 71
49 9
15 37
51 26
51 53
70 53
27 34
72 26
22 35
7 61
62 60
78 41
28 30
77 3
63 40
56 29
39 40
10 66
31 60
7 27
51 39
13 7
16 37
71 52
17 7
77 47
45 59
41 70
62 69
72 46
13 8
27 19
75 30
42 22
11 16
66 32
10 19
2 16
20 38
2 32
31 23
30 16
62 15
3 47
34 36
18 37
69 5
32 42
3 60
2 7
31 12
2 11
23 63
57 67
1 37
27 6
28 13
9 47
56 20
68 39
74 3
3 64
2 17
75 13
52 18
24 51
74 55
50 66
29 56
69 45
26 44
78 27
31 11
20 38
67 55
74 14
7 75
15 26
71 52
24 9
58 14
60 78
56 41
5 31
41 30
15 24
69 10
21 4
9 23
12 1
53 10
63 75
45 27
18 43
68 31
63 40
33 43
26 54
6 60
51 27
18 47
18 2
51 46
54 16
13 42
76 9
10 35
54 50
47 58
8 42
36 63
60 54
8 74
54 71
16 38
61 69
1 66
7 72
53 40
51 59
40 11
4 21
62 49
25 54
11 39
51 66
13 14
67 72
7 40
6 37
39 8
23 62
39 9
54 7
17 54
70 5
75 16
13 66
64 70
20 18
29 53
11 75
72 6
70 59
63 15
14 66
40 75
61 30
46 28
18 4
33 52
17 9
49 21
61 27
12 14
41 4
62 49
40 54
45 74
51 62
3 23
59 8
62 45
15 69
11 66
70 9
66 56
36 62
61 48
61 28
13 6
62 25
59 42
27 49
77 60
13 1
36 78
53 4
20 44
33 66
17 40
10 21
8 42
58 32
55 20
9 65
5 63
31 20
72 29
76 73
29 20
38 74
1 68
2 77
64 64
65 40
3 2
41 57
52 58
7 62
62 53
68 31
32 29
24 19
5 32
77 33
74 51
59 73
49 36
52 66
33 10
33 76
56 46
47 63
41 14
72 45
62 67
11 33
65 4
75 59
3 53
10 45
7 53
37 62
39 42
7 11
11 54
59 47
65 4
22 21
47 58
48 71
15 59
23 51
67 72
67 31
52 74
15 28
22 4
5 1
64 64
45 20
39 36
20 47
75 78
23 28
76 52
52 45
66 50
47 56
38 66
32 59
27 40
11 45
18 59
78 68
12 28
40 66
49 71
44 62
49 27
58 13
54 63
65 20
64 52
69 60
52 16
25 70
5 18
3 32
46 39
20 3
64 11
54 40
22 23
33 49
52 6
60 21
13 62
59 58
11 21
48 46
30 56
43 48
13 55
15 64
25 60
32 66
43 41
56 26
75 19
53 11
6 23
47 76
58 69
31 68
78 68
46 35
74 19
76 10
24 2
68 31
26 42
47 24
10 44
36 67
46 24
38 62
64 20
54 78
14 60
69 75
53 25
70 43
61 71
44 51
77 8
44 20
58 37
75 14
26 7
74 54
69 33
62 15
13 26
43 1
77 76
30 75
59 16
36 41
12 33
56 41
1 18
67 24
64 57
41 55
24 19
28 39
5 30
75 1
18 69
66 71
74 47
74 26
52 43
37 38
58 33
37 16
12 51
27 77
73 19
63 51
7 12
64 11
8 23
28 68
50 51
23 56
11 11
20 37
17 9
20 39
30 77
45 29
27 68
72 12
56 44
21 40
7 26
56 47
27 6
33 78
60 21
60 46
42 14
59 75
9 34
15 78
55 64
29 48
65 17
46 60
47 56
33 47
37 76
46 67
27 31
65 4
31 69
32 49
27 29
9 33
33 26
71 15
62 16
53 71
63 44
35 71
27 33
4 41
71 70
3 28
31 28
28 45
21 77
20 27
61 39
77 76
16 47
2 59
59 8
13 8
44 48
48 45
75 15
4 57
75 52
61 15
24 63
69 44
23 16
46 7
40 56
37 4
38 39
29 17
63 24
75 40
51 35
37 24
28 1
24 11
40 14
57 2
57 71
36 54
46 25
67 54
65 52
42 17
68 69
66 37
17 58
73 8
49 65
35 30
47 30
66 35
23 21
65 16
57 1
8 13
17 4
41 57
44 77
20 28
50 20
38 24
36 37
41 40
24 17
21 39
5 54
13 3
36 10
8 55
17 37
3 1
43 51
20 12
42 54
78 4
30 61
50 65
21 73
63 74
37 53
34 15
75 55
21 46
75 69
76 10
25 63
62 53
1 72
72 61
50 32
23 31
63 12
25 12
13 12
34 16
78 64
67 34
2 77
76 55
19 8
62 44
38 66
65 32
10 31
15 1
75 43
38 26
60 71
12 50
3 65
60 61
21 2
46 72
50 45
47 43
48 61
68 3
71 8
61 76
37 3
28 61
50 71
22 14
18 71
55 32
69 32
52 71
21 21
50 77
52 35
3 65
51 5
67 78
15 61
22 60
73 61
21 64
2 14
37 15
16 70
39 28
72 67
65 10
35 70
10 31
74 55
4 73
65 11
55 29
7 44
30 61
36 69
33 14
40 41
76 74
72 8
38 67
8 53
23 71
21 15
40 74
42 38
49 65
7 12
5 75
20 75
73 65
5 35
9 73
48 58
74 55
48 26
39 71
72 4
6 17
31 76
17 59
39 31
64 23
20 65
75 9
55 72
15 5
67 70
1 39
13 21
27 47
71 26
48 19
70 3
25 50
38 54
61 49
4 60
3 35
25 49
53 59
28 10
25 32
17 42
41 72
73 5
42 1
23 5
6 76
43 72
33 30
36 20
74 63
49 29
34 16
37 21
11 46
36 73
66 34
40 21
41 76
58 6
5 23
41 21
4 4
44 65
68 22
16 41
44 49
53 55
41 9
67 34
3 51
8 14
6 34
21 44
3 5
53 25
16 6
20 38
6 4
65 41
13 68
70 50
45 45
70 74
76 24
3 29
47 68
77 33
58 77
17 41
65 19
3 74
64 3
56 49
57 10
29 26
68 22
64 52
12 2
1 60
39 37
30 74
49 58
28 68
42 47
12 70
19 76
6 35
53 2
53 34
45 1
10 21
1 8
21 4
25 77
68 57
68 78
48 37
60 24
6 12
40 24
73 4
44 51
16 73
50 75
44 76
39 14
31 68
36 71
54 69
35 66
34 44
10 6
31 7
70 22
58 61
36 59
57 72
8 5
76 32
55 74
47 23
27 38
38 25
27 32
59 10
17 68
64 10
25 9
60 40
7 74
37 67
50 23
35 14
21 57
12 11
3 7
19 73
16 65
2 41
50 31
10 13
75 68
28 43
54 35
52 4
25 29
2 67
20 63
48 72
77 59
33 18
2 66
7 71
29 17
30 76
70 2
52 2
29 26
31 67
50 73
7 54
68 4
61 15
61 59
47 24
60 63
64 33
4 37
57 5
1 62
28 50
37 19
39 29
39 17
33 20
45 18
40 4
10 22
73 55
39 38
77 40
50 34
30 77
47 64
21 69
39 66
58 30
72 31
40 39
11 18
75 11
9 16
23 13
45 62
73 76
23 45
23 59
49 41
16 68
29 23
25 14
43 61
49 38
74 44
8 29
36 51
75 18
7 68
62 5
63 16
18 19
62 46
36 64
60 51
53 48
5 78
17 58
58 10
5 76
21 50
40 38
50 43
6 61
6 41
62 12
49 38
41 6
66 44
30 1
37 2
20 42
59 49
76 59
68 32
13 31
9 66
31 3
74 25
41 61
28 7
1 33
63 23
49 77
39 5
2 30
7 52
39 13
20 26
6 14
73 54
28 68
16 23
12 65
70 19
17 7
64 24
25 46
37 10
23 9
72 37
43 32
5 3
77 18
76 28
68 39
64 40
9 35
76 25
46 21
13 5
41 53
56 35
60 9
47 67
63 76
26 47
30 35
9 11
58 55
2 6
78 73
76 22
1 40
52 38
53 30
19 16
64 45
44 21
37 61
41 3
4 68
11 13
66 27
1 70
34 14
70 51
8 6
36 61
61 7
53 29
12 69
11 57
41 18
48 37
50 20
41 75
36 63
60 13
40 49
54 36
24 5
10 7
3 32
63 42
20 74
47 52
28 8
57 31
22 68
46 74
60 62
11 31
33 20
71 29
5 19
7 73
39 24
25 54
56 78
49 60
25 30
11 27
38 63
10 30
74 9
12 48
25 2
76 70
30 24
32 26
27 7
22 3
17 30
23 47
21 34
34 17
14 36
13 12
57 63
50 63
18 29
19 71
72 56
58 26
8 66
75 11
5 30
56 63
10 43
67 35
64 74
13 20
74 60
39 32
58 6
30 75
19 49
55 54
24 51
28 56
31 7
48 13
34 17
59 22
41 51
21 38
62 47
48 74
77 34
25 13
6 30
74 22
4 46
61 48
36 55
60 19
73 26
45 2
49 16
59 65
26 2
42 71
45 48
3 77
71 33
60 78
43 22
76 33
72 35
44 5
21 10
7 57
3 8
8 34
71 47
46 56
14 69
78 7
56 36
34 38
15 5
16 6
58 66
74 72
22 11
36 66
77 75
51 3
49 56
39 74
55 8
72 43
4 60
77 18
76 54
13 43
40 46
76 32
73 45
2 54
44 5
77 28
57 52
55 16
4 1
27 71
42 27
41 57
11 75
11 21
12 53
50 42
56 47
52 22
8 67
70 37
25 36
59 73
9 42
59 8
63 47
18 61
7 39
53 23
30 45
8 41
21 46
33 54
63 41
11 75
42 52
56 50
35 75
30 18
34 27
36 17
23 46
66 29
11 7
28 60
26 7
49 12
22 72
19 63
72 21
75 4
38 35
55 12
62 1
55 46
28 43
36 45
21 67
15 28
50 53
59 40
14 55
49 65
36 4
66 9
17 39
24 2
39 38
23 31
13 42
64 7
64 23
64 75
38 48
13 52
47 5
42 24
58 13
8 73
11 68
6 68
75 31
4 52
14 39
64 46
77 28
61 33
43 19
28 49
59 1
6 34
19 76
71 57
43 4
21 20
48 64
15 43
61 59
45 60
27 73
64 50
18 36
61 55
42 63
20 55
16 65
72 55
65 56
58 61
30 24
32 32
54 6
11 41
16 9
76 40
48 63
11 78
34 75
8 66
6 56
58 46
76 10
26 65
58 77
59 22
26 45
75 58
2 27
30 47
71 51
71 58
17 68
41 46
6 20
36 39
25 61
8 41
27 73
46 17
39 28
64 53
18 22
24 77
21 16
30 37
53 69
61 69
15 29
2 8
50 31
15 47
54 3
77 34
51 56
41 34
73 73
75 63
41 29
23 40
42 35
39 7
51 19
30 78
57 13
46 1
3 20
10 10
48 34
66 55
39 53
59 78
50 36
21 26
24 26
57 30
66 64
47 22
69 61
33 4
10 71
38 2
9 9
11 20
68 30
45 39
46 51
9 73
53 24
12 44
6 38
26 39
28 47
29 41
34 78
76 9
3 62
12 73
68 8
12 78
3 75
65 41
38 74
63 70
1 24
72 27
38 33
17 75
43 47
59 68
57 15
6 23
72 37
67 55
21 53
20 13
20 65
62 76
25 51
70 18
67 26
76 3
8 57
51 63
51 40
67 66
23 5
61 17
43 42
22 19
61 20
59 69
20 36
42 77
4 30
36 64
34 30
20 3
63 37
64 52
37 24
57 56
47 24
50 8
61 71
13 73
50 43
67 9
34 46
19 6
59 39
6 18
25 40
22 64
42 26
8 46
40 58
69 34
42 61
73 63
42 28
24 74
34 16
14 24
69 3
31 33
57 69
12 46
69 8
74 62
18 44
7 44
57 23
45 49
65 30
17 60
9 6
52 61
54 24
26 50
5 61
22 69
40 78
29 48
67 13
39 7
22 9
37 75
77 1
25 28
34 19
20 77
39 2
24 72
20 42
74 64
31 62
55 75
38 78
41 64
6 46
67 21
61 49
5 61
32 34
78 21
32 49
71 36
19 63
34 10
69 31
63 19
56 42
26 58
25 65
24 22
42 61
29 43
22 17
48 59
14 78
24 77
5 68
77 21
62 40
33 8
54 59
7 65
39 75
76 66
73 56
72 44
78 46
35 57
27 57
22 23
48 25
11 28
58 32
49 44
51 4
59 2
54 22
61 35
73 70
50 55
7 54
37 2
73 46
42 37
51 51
18 22
12 15
39 13
71 75
10 69
49 56
72 42
12 17
3 18
67 54
40 23
58 45
6 38
36 11
31 64
73 70
54 19
35 44
54 53
4 72
44 36
38 51
48 21
44 42
21 74
32 13
64 2
18 37
24 52
78 7
58 27
18 28
4 30
8 22
72 46
75 40
42 15
29 36
65 14
25 51
3 23
70 73
74 26
66 38
41 36
18 75
35 56
49 8
4 54
2 53
55 57
33 33
48 35
25 37
29 72
5 47
59 22
54 23
18 77
60 69
32 74
49 55
51 51
9 25
6 30
6 69
35 78
38 3
40 35
41 52
27 62
37 23
23 64
28 75
37 31
54 5
55 29
11 9
24 5
19 30
7 52
33 38
76 22
20 18
70 62
30 42
3 68
43 13
37 3
36 39
23 54
17 54
16 64
53 48
59 70
20 49
67 16
23 58
9 78
60 51
70 2
27 13
60 38
16 78
22 16
61 71
48 41
16 18
13 75
20 15
38 12
59 55
51 20
61 40
52 5
46 38
38 69
75 41
67 5
47 37
56 60
12 72
27 27
41 57
30 11
73 28
74 27
44 19
30 69
45 31
53 17
7 51
62 20
12 75
8 20
71 77
7 2
57 73
58 73
5 56
33 11
15 37
63 48
24 15
38 53
20 36
28 64
62 47
24 8
39 35
3 31
43 16
63 74
44 60
73 5
12 43
39 41
27 26
65 46
6 11
31 50
28 31
13 44
43 27
28 26
22 62
44 63
5 69
14 76
70 7
18 67
76 10
12 42
72 37
70 57
59 48
35 55
62 66
24 7
8 57
35 42
29 14
49 3
8 70
72 26
11 78
22 18
76 6
71 74
47 67
77 9
54 32
46 30
37 44
27 43
38 73
31 60
13 45
19 25
21 13
59 42
68 34
49 41
55 30
59 12
21 33
20 12
10 17
29 52
45 31
9 57
55 6
2 60
71 42
66 51
45 73
40 22
43 70
1 69
60 76
22 19
60 33
8 9
36 8
55 22
11 29
28 78
2 58
12 60
12 19
35 48
69 26
6 33
12 25
23 6
68 16
62 57
9 59
64 4
24 66
62 42
55 55
72 29
56 1
71 68
31 40
64 26
36 68
57 44
37 42
31 22
7 6
16 5
41 20
68 29
31 1
59 25
38 49
67 42
32 75
41 52
36 54
22 53
33 66
44 78
40 54
47 49
27 26
69 14
21 72
76 5
32 51
68 28
22 32
33 51
41 65
26 34
21 70
61 3
15 22
73 43
28 2
73 45
63 10
7 34
64 59
78 5
26 24
29 60
42 54
76 59
74 62
53 64
50 53
75 33
27 34
28 67
28 63
69 40
67 34
39 10
47 18
44 45
24 40
4 23
25 9
60 33
28 46
14 43
64 46
69 49
29 39
31 77
