75 2437
11 68
1 33
64 25
51 74
5 38
40 31
65 33
66 70
1 65
39 40
43 24
7 49
17 40
72 34
62 71
53 32
61 50
28 27
15 17
70 14
45 3
39 74
22 28
50 35
53 59
61 48
47 16
70 12
67 65
9 24
40 60
28 21
17 60
27 36
21 1
50 3
54 32
22 34
58 44
54 28
56 14
22 67
21 58
52 52
75 40
60 64
57 45
58 52
52 8
13 38
66 73
60 73
71 16
75 30
35 15
32 27
56 43
4 18
47 7
62 70
75 8
73 30
50 47
57 18
37 53
40 50
38 2
28 43
26 12
41 5
44 68
68 62
7 43
35 75
58 64
21 75
39 32
35 74
45 74
26 31
2 60
68 32
61 44
1 60
23 16
40 67
43 3
6 19
44 7
33 73
8 35
73 22
74 35
51 43
61 18
57 36
36 61
63 65
38 66
23 8
13 31
24 66
41 32
44 51
36 71
58 18
42 67
27 46
21 18
4 4
50 53
44 45
24 20
24 16
23 61
32 31
32 70
16 38
8 64
74 33
65 27
63 41
48 57
8 38
55 13
47 20
47 29
60 4
68 65
25 23
74 55
36 46
23 10
14 20
33 44
21 49
5 41
11 56
29 41
7 30
25 55
22 64
73 66
19 51
65 33
43 32
27 71
19 60
32 35
69 42
5 40
62 21
72 3
44 24
16 7
52 41
41 22
53 46
14 28
47 46
28 9
37 72
15 16
31 54
3 52
7 56
32 25
5 9
12 20
16 67
38 6
12 24
26 61
29 55
50 61
37 41
12 64
23 11
29 2
13 1
3 52
69 74
1 9
73 7
46 5
42 60
36 61
43 60
15 12
24 5
7 72
65 29
46 11
13 17
58 27
1 29
42 26
38 37
21 70
41 68
62 28
1 53
51 24
53 3
13 32
64 35
59 59
72 55
29 27
65 1
24 18
43 18
28 61
67 14
59 23
21 7
75 16
75 32
31 2
8 73
74 49
33 48
34 35
32 8
73 17
72 59
71 68
60 3
7 36
48 10
11 37
59 16
55 56
21 36
17 24
19 45
51 35
68 23
46 19
68 4
18 36
66 9
39 39
3 3
21 54
16 8
69 25
1 61
3 30
60 61
44 6
9 46
59 16
28 67
66 48
44 1
38 12
61 5
11 62
63 49
46 10
67 70
61 23
16 3
51 48
3 33
2 72
70 59
47 53
14 1
2 21
68 9
55 11
46 2
64 12
71 68
71 38
50 5
34 54
71 22
62 15
21 10
74 11
6 41
67 53
6 64
42 66
39 50
37 73
9 62
62 53
46 64
48 61
28 33
40 28
75 43
19 71
62 64
15 34
33 46
67 18
64 71
24 38
15 48
48 60
59 61
66 15
74 35
70 11
39 7
64 59
35 3
15 62
31 13
20 40
62 16
16 35
66 12
75 72
30 21
54 36
62 43
29 62
73 45
12 41
41 61
74 12
48 48
38 2
58 65
53 37
55 52
24 55
43 59
26 53
40 19
72 36
37 16
34 62
34 3
33 49
34 44
1 17
22 16
32 65
27 14
24 22
54 25
74 36
55 55
16 6
24 40
61 58
39 6
15 59
43 24
37 69
29 58
38 37
24 47
65 49
32 58
58 28
45 18
44 27
32 72
38 54
73 62
29 39
47 10
70 73
69 21
24 1
63 30
32 75
63 30
18 18
74 60
58 75
44 34
4 4
5 4
75 14
55 54
37 59
5 50
65 35
29 13
53 59
39 38
52 57
28 19
35 15
68 50
6 60
8 64
56 53
11 6
50 39
14 62
10 71
20 24
21 2
60 34
49 31
35 64
7 7
56 42
70 46
54 25
43 34
67 30
50 14
55 22
26 37
35 38
7 37
70 16
35 58
57 38
10 62
68 47
60 3
2 60
54 35
56 72
4 74
63 49
27 65
63 35
9 42
38 11
49 8
11 56
65 56
63 32
17 41
45 5
43 27
37 22
16 2
19 32
31 22
29 31
56 16
11 64
67 57
72 1
52 56
15 2
66 50
65 28
57 75
8 16
38 48
62 22
51 58
13 50
41 53
3 16
37 44
17 75
61 67
37 15
21 10
38 14
54 45
12 29
8 60
69 19
53 58
62 56
29 16
8 24
17 32
38 40
47 67
20 69
60 30
16 69
34 48
10 73
74 50
12 22
7 59
11 74
18 36
55 60
58 71
48 20
45 15
10 60
55 74
30 69
72 13
30 75
42 34
75 38
11 32
46 74
11 67
53 34
9 16
4 33
21 3
74 62
48 31
9 13
4 65
25 66
38 5
52 32
34 73
59 29
51 2
46 18
8 17
39 9
38 7
28 27
10 31
20 46
21 10
25 65
14 53
68 2
39 35
67 73
42 61
73 34
12 39
31 53
28 12
70 74
50 47
68 24
72 13
16 74
42 11
49 73
28 68
36 62
21 19
15 22
72 65
50 8
2 27
50 56
11 69
17 26
56 18
59 4
13 59
51 27
53 62
20 50
28 64
10 41
66 10
2 1
75 70
73 3
4 62
25 2
46 19
43 66
68 75
58 6
28 60
57 47
54 13
64 44
31 26
63 24
50 41
14 48
64 3
53 36
56 56
30 65
12 60
65 48
34 35
46 68
64 53
69 19
56 72
6 51
31 6
38 20
60 31
48 49
2 43
26 74
64 47
43 31
5 32
54 26
55 8
31 59
45 25
66 74
71 38
8 54
45 12
42 28
54 31
56 18
43 58
31 35
74 59
27 70
45 20
35 61
4 52
54 6
66 51
40 72
47 65
26 17
60 45
18 39
52 58
67 53
14 26
61 23
65 64
60 39
23 44
32 32
55 1
14 70
42 73
33 59
72 43
31 63
37 52
66 41
7 41
4 14
2 61
46 20
27 41
25 8
39 48
43 72
11 23
61 39
7 18
62 32
10 9
11 60
50 72
12 1
22 21
34 52
55 7
34 39
8 67
32 49
53 68
44 47
54 43
72 50
40 15
51 19
50 30
73 48
54 68
56 58
65 26
23 14
41 10
62 58
3 56
71 62
13 11
4 59
74 23
73 30
9 14
5 1
49 10
19 48
46 27
11 11
9 36
35 38
15 19
6 63
72 38
8 34
62 9
27 45
26 58
62 37
6 10
43 2
46 33
58 59
69 10
43 52
48 34
57 38
2 51
13 22
60 26
14 11
52 67
42 28
26 73
46 49
69 66
47 58
67 37
47 17
50 27
72 41
69 32
44 52
62 65
66 60
27 5
4 23
65 50
49 70
41 30
62 36
49 27
28 27
75 57
9 67
32 20
18 24
46 29
31 55
68 41
65 52
55 11
45 30
40 37
9 33
35 24
74 33
73 1
69 14
20 40
72 59
24 20
65 55
8 51
5 2
5 27
42 45
53 38
2 65
44 6
46 43
57 43
3 15
67 6
70 2
13 49
69 38
6 53
10 9
16 53
48 7
67 33
4 29
34 9
5 63
35 67
17 13
3 55
32 60
20 2
8 12
25 68
24 68
61 40
24 14
39 16
43 5
20 50
29 50
69 16
26 32
12 61
10 56
70 1
39 48
14 51
46 16
24 22
42 34
17 34
18 16
53 61
32 25
47 43
9 19
14 66
9 61
9 49
73 6
17 15
8 68
29 54
58 15
47 66
29 55
47 34
46 34
35 50
19 59
72 24
68 16
29 71
56 56
21 38
28 36
47 64
28 44
11 21
22 46
67 10
63 13
51 56
65 4
48 43
17 37
60 43
8 31
43 45
64 21
19 56
58 41
67 2
46 45
23 34
68 17
61 21
16 70
60 44
21 16
67 7
64 34
15 13
41 65
71 6
28 8
8 38
18 13
62 52
38 66
6 42
14 36
75 13
12 29
61 33
74 56
6 20
71 37
64 61
24 69
57 66
44 64
38 49
48 1
14 24
71 10
38 75
22 61
16 19
38 41
1 4
45 53
8 72
40 17
62 56
72 41
21 41
74 12
37 47
66 58
70 65
11 11
60 33
15 39
6 59
32 41
25 6
68 58
49 44
71 22
52 71
61 8
41 66
32 38
50 31
19 54
60 25
54 34
5 55
61 68
39 37
22 20
16 43
16 55
66 25
65 27
58 66
16 4
1 41
72 23
28 71
7 45
71 74
16 39
45 51
56 75
24 4
70 42
45 40
43 9
40 69
18 55
56 3
12 48
68 3
67 58
24 40
40 31
6 8
66 56
29 34
18 73
17 30
22 15
75 22
10 53
52 63
14 63
60 15
17 24
57 16
67 7
50 36
24 51
25 21
75 38
8 24
39 39
6 32
50 60
39 10
33 35
20 3
20 71
54 3
9 9
49 52
67 39
28 10
4 12
53 68
5 68
46 43
36 64
69 43
42 72
44 55
5 17
23 36
11 8
71 42
5 5
24 48
6 75
43 22
7 17
9 19
12 13
52 61
72 32
42 69
63 5
21 57
25 62
61 25
70 43
18 71
21 10
70 20
2 27
11 53
56 44
62 63
32 18
20 62
21 16
1 16
50 50
28 9
17 47
2 58
61 19
72 29
40 29
7 64
21 44
43 15
63 28
63 18
14 7
75 30
62 32
22 72
34 69
65 64
52 41
2 35
46 71
1 35
45 21
27 69
9 27
60 8
14 73
17 22
23 41
15 41
49 68
21 16
66 1
38 13
26 60
68 53
3 39
65 60
63 56
9 18
61 18
10 42
20 26
26 64
61 26
30 41
36 52
14 43
59 72
34 28
35 64
71 56
22 47
37 75
35 12
8 21
66 65
43 1
31 62
12 6
70 4
69 47
13 29
4 45
45 2
41 70
23 66
11 75
66 67
25 4
43 24
58 35
18 47
54 8
54 13
8 17
18 33
48 29
67 1
66 22
58 64
71 42
66 15
2 2
32 62
42 74
69 27
57 43
9 69
41 29
74 33
30 57
57 55
50 32
70 53
75 25
12 28
42 4
72 56
52 49
6 62
44 14
2 56
68 7
72 2
54 75
69 12
15 4
38 37
67 36
14 34
29 10
58 23
47 30
6 52
34 47
69 17
42 67
27 42
52 12
33 6
10 60
70 26
75 12
63 60
58 48
37 26
33 42
5 17
10 53
29 48
58 14
53 21
14 47
75 9
73 65
41 14
53 11
15 19
9 44
52 3
74 71
27 68
25 33
53 51
22 16
16 53
70 22
17 9
37 14
62 14
32 29
57 28
23 16
49 59
63 57
66 12
14 46
4 16
19 71
36 10
21 36
24 27
23 44
46 54
12 30
43 68
63 14
38 31
64 55
20 72
51 37
57 9
15 20
48 41
47 16
57 74
30 72
31 34
35 25
20 6
45 23
55 74
7 63
46 19
37 14
26 31
6 27
58 75
45 25
7 54
56 61
74 26
46 42
65 9
54 36
64 2
27 71
42 28
5 65
22 32
70 34
28 9
40 64
67 32
21 42
75 5
69 7
72 36
43 8
68 22
49 39
36 24
58 55
8 30
39 32
4 50
44 52
30 29
37 48
16 18
66 73
60 73
38 63
55 26
26 46
42 69
57 65
13 49
55 9
11 73
31 24
32 34
18 59
25 10
45 26
3 70
37 38
52 47
7 67
50 5
28 30
49 32
45 18
51 39
41 63
20 15
57 70
34 13
7 16
70 25
24 18
6 6
48 38
48 34
3 27
25 27
59 54
51 61
63 27
62 36
2 40
71 60
32 35
36 18
16 26
36 64
27 17
28 10
36 9
37 10
68 13
53 8
31 22
6 18
1 19
39 73
48 18
24 65
32 39
65 60
74 66
25 33
19 59
6 32
61 7
61 69
10 3
69 73
13 49
65 42
52 71
22 10
27 2
24 45
66 39
48 4
20 31
39 52
54 5
57 20
54 73
62 47
19 1
34 46
4 49
3 68
59 65
60 12
42 11
45 8
58 47
65 75
45 8
62 30
41 10
15 49
70 47
60 9
67 8
7 25
5 24
17 53
70 12
68 24
23 3
61 34
18 36
66 43
3 65
60 51
18 17
37 49
55 7
43 63
52 58
63 55
15 68
71 69
56 63
66 36
10 28
17 24
32 36
23 61
1 68
59 24
59 48
70 30
4 41
59 60
16 18
68 1
40 43
36 63
10 14
17 50
7 46
64 54
40 50
16 20
55 61
71 16
71 15
29 47
1 12
66 8
22 35
10 37
10 71
58 14
65 37
64 46
60 69
39 21
47 47
56 53
48 67
18 62
37 24
42 4
42 36
18 40
38 58
11 18
11 37
54 16
57 34
45 74
21 13
75 58
5 61
37 52
69 4
29 4
15 11
57 39
8 14
62 4
40 39
12 19
49 6
61 28
58 43
74 42
25 47
44 37
74 17
19 53
27 8
58 5
6 42
31 39
47 71
34 19
25 34
59 46
72 50
44 51
59 71
45 60
74 49
39 6
57 38
71 5
5 72
62 53
1 70
26 42
34 56
48 75
44 4
36 67
2 30
4 36
48 36
29 16
8 56
57 49
44 72
13 19
53 69
36 66
74 20
47 6
42 50
61 34
10 34
31 11
34 28
20 45
24 29
35 75
73 37
8 54
75 35
24 22
41 17
39 1
71 38
47 19
47 73
8 37
69 38
63 60
19 3
67 4
69 67
23 42
14 64
5 12
22 55
44 32
40 30
51 11
67 68
63 35
46 4
31 11
57 38
20 41
64 6
31 42
30 58
57 3
14 55
72 25
61 8
69 45
63 11
28 42
62 52
19 50
6 31
43 72
38 60
51 58
39 6
9 11
64 21
63 35
62 17
68 66
8 25
71 55
22 9
51 58
71 30
1 73
13 63
75 62
26 71
72 70
56 75
8 6
25 40
62 66
35 53
59 1
38 12
31 55
32 32
40 1
24 45
40 29
34 16
75 2
1 35
58 20
46 70
17 14
75 18
27 12
70 43
18 11
55 62
24 12
3 9
49 57
2 10
51 45
17 34
44 23
51 28
46 75
74 65
7 58
74 63
18 74
56 40
64 24
7 16
1 58
50 33
60 73
18 71
29 28
2 63
47 62
32 37
34 15
2 22
5 23
33 20
57 8
69 8
55 61
23 63
11 15
16 61
70 67
15 7
66 33
20 52
56 14
19 14
57 57
27 52
33 72
49 17
18 11
59 35
59 32
72 74
37 58
11 60
32 21
11 58
69 24
41 32
18 14
16 28
57 62
33 58
7 4
65 75
37 47
46 41
4 15
42 31
31 64
50 17
67 14
24 51
26 38
26 62
36 22
49 67
41 69
67 17
68 32
21 52
36 75
54 41
72 59
71 60
11 55
12 71
17 18
73 72
13 22
28 40
28 27
41 5
71 4
11 5
17 26
15 58
35 34
27 74
66 13
48 21
50 40
64 71
49 34
43 54
71 68
74 55
40 22
15 73
41 45
6 37
36 38
6 57
9 25
15 22
67 51
34 43
56 37
25 41
32 74
20 42
24 51
11 20
45 70
65 11
72 18
9 53
61 63
18 39
17 55
16 20
6 4
19 31
59 31
63 1
46 49
46 56
22 48
17 50
69 10
57 3
2 30
12 17
74 68
1 45
69 51
19 48
71 43
44 53
29 20
67 62
72 56
71 21
17 56
12 18
35 21
16 38
6 30
42 42
53 35
73 27
45 9
34 34
10 54
35 37
30 67
70 63
65 47
60 53
42 74
36 46
16 14
43 23
43 40
38 40
33 70
35 49
70 70
41 70
57 40
48 1
71 65
43 54
64 34
43 19
13 75
16 40
57 75
14 45
15 59
28 4
31 65
3 12
70 63
72 30
74 36
75 46
37 73
10 33
1 33
53 72
12 51
60 63
38 29
37 41
11 30
21 5
42 31
15 8
68 40
23 23
43 24
34 68
47 46
29 22
9 38
73 13
69 35
39 49
59 26
68 39
54 23
60 74
53 72
45 15
24 40
6 15
10 15
75 28
32 12
64 39
74 61
60 25
12 1
60 9
34 23
56 75
40 31
5 3
33 41
47 21
7 29
7 75
3 63
39 16
14 5
21 34
67 71
54 21
62 58
60 46
27 9
54 55
41 31
51 57
8 31
7 27
17 40
61 49
40 23
13 70
27 40
12 63
18 63
41 37
6 67
24 63
5 66
9 25
60 73
66 68
68 10
43 29
5 8
2 10
32 60
63 18
64 44
26 35
1 75
61 14
50 65
33 13
67 30
54 10
66 62
27 28
42 9
59 63
27 23
29 66
42 34
45 69
48 37
22 11
69 16
23 12
14 52
68 57
69 45
1 72
40 24
25 4
65 46
35 1
5 30
58 11
39 24
48 67
20 3
18 73
52 52
54 2
55 33
5 27
6 73
41 20
60 1
50 5
22 50
17 45
27 19
61 45
28 13
4 29
34 3
32 24
44 10
63 67
59 4
50 18
15 29
8 28
66 9
41 64
5 43
4 6
56 61
42 74
25 70
3 44
71 32
12 31
56 32
28 37
70 35
4 50
34 14
16 11
39 65
70 66
20 11
43 49
3 72
40 7
21 11
54 71
2 58
66 63
6 10
18 32
5 27
2 14
28 62
47 7
41 24
8 53
51 27
49 14
20 23
64 74
57 56
23 4
28 51
65 31
33 4
24 63
37 40
10 22
58 42
12 22
71 50
68 6
75 71
20 3
64 40
17 69
22 64
9 57
42 44
47 70
13 34
26 32
48 39
4 63
42 55
41 45
35 59
66 4
34 62
22 33
29 19
65 20
73 28
30 59
62 75
40 25
42 6
36 48
18 59
37 54
23 27
36 41
42 36
2 54
19 26
43 73
61 62
34 32
63 14
43 33
36 5
14 62
51 63
32 45
27 54
18 8
29 53
73 23
27 36
53 16
27 11
14 21
19 47
13 13
45 63
59 45
14 11
63 68
28 19
24 12
35 48
66 13
2 28
61 41
5 38
2 3
33 47
2 23
20 72
75 21
71 20
47 73
59 16
27 62
15 20
11 40
72 60
42 16
74 43
67 60
28 5
35 49
5 14
21 64
39 73
75 56
1 65
24 61
42 23
74 22
49 12
64 74
69 25
56 1
11 64
6 13
72 48
18 69
40 67
61 20
9 53
16 50
70 11
32 4
74 33
49 18
63 41
52 11
37 8
37 6
68 75
33 31
6 51
63 48
63 14
59 47
33 6
75 31
55 28
34 26
60 24
52 37
51 42
42 28
7 22
48 36
43 31
68 68
4 25
38 67
62 60
27 45
70 6
14 22
75 4
58 63
7 62
3 15
75 51
61 52
37 37
9 3
13 63
34 67
42 69
63 57
17 71
50 50
44 29
15 1
9 12
4 45
10 37
14 44
18 72
33 67
47 42
63 3
40 24
15 69
54 38
6 55
30 14
71 60
38 63
11 28
29 72
55 72
40 65
71 8
59 34
58 16
68 17
2 60
31 34
21 31
44 74
6 15
39 52
23 46
15 73
27 13
61 12
44 23
16 28
1 30
45 15
72 61
61 62
21 69
75 20
52 29
60 31
73 72
35 59
6 34
29 15
70 47
16 6
2 28
23 35
27 8
44 5
25 12
28 4
74 68
50 7
44 53
9 37
44 47
12 23
35 32
2 7
32 56
4 7
68 63
26 33
42 14
40 51
4 55
45 12
3 44
24 45
16 44
49 72
18 21
75 39
65 3
29 70
3 11
59 21
60 66
1 24
52 51
46 4
44 34
71 31
53 72
50 69
59 8
65 35
71 2
32 2
41 50
10 63
18 19
44 73
42 20
22 19
37 57
24 33
20 72
12 4
71 11
20 64
36 67
22 38
75 14
36 64
1 17
72 3
21 58
19 74
57 34
36 17
69 65
26 42
35 36
18 5
17 30
26 12
43 16
64 45
22 20
72 42
31 30
14 48
62 47
37 31
24 49
21 15
61 29
49 53
39 2
27 35
22 16
13 26
37 15
68 5
24 51
46 75
31 31
9 31
8 50
68 72
74 53
25 65
36 6
55 32
71 11
18 21
65 9
32 9
26 32
60 7
3 19
72 24
34 13
39 22
64 16
49 40
49 4
71 71
34 60
74 45
21 12
43 14
59 65
62 61
53 11
32 59
8 75
75 24
67 20
23 10
23 44
66 45
13 61
40 4
17 33
32 47
1 69
41 67
58 22
64 68
66 26
63 28
37 63
71 7
32 3
52 33
34 11
20 72
37 62
54 58
39 12
68 25
49 72
35 14
55 46
56 30
17 49
23 59
55 75
36 1
32 15
25 59
31 47
29 54
35 35
48 36
53 33
20 66
53 47
10 26
28 66
27 61
23 20
37 64
4 1
10 2
56 35
72 64
14 63
64 45
18 57
20 39
58 35
66 64
70 57
31 71
65 42
41 69
44 11
21 25
75 17
30 35
55 4
50 59
11 44
50 52
46 41
33 3
66 2
70 21
62 63
46 23
60 13
66 73
44 67
74 68
65 34
19 69
11 46
67 75
20 6
65 22
61 15
65 23
15 61
38 50
16 6
18 41
26 28
55 45
66 56
61 16
13 41
53 50
60 71
22 52
2 44
1 24
55 65
49 17
14 60
26 46
51 27
5 3
28 2
10 57
72 40
62 59
31 33
28 13
18 2
62 64
27 41
63 2
45 8
16 72
57 6
11 46
72 18
21 58
9 6
7 6
42 60
56 68
12 22
54 29
20 63
43 48
64 33
35 75
35 36
13 10
36 58
13 74
60 51
6 43
25 53
12 15
14 58
12 5
62 33
5 45
44 57
17 72
38 1
4 26
40 56
38 51
35 28
43 75
8 56
11 28
27 13
66 45
55 31
33 23
18 26
30 34
14 69
45 34
5 18
32 45
4 68
34 13
23 35
19 9
45 54
43 73
1 2
38 58
51 3
44 66
59 50
45 19
59 14
40 8
34 6
23 33
8 7
38 16
10 44
73 72
14 70
33 12
60 64
4 66
63 70
61 58
16 11
20 37
16 5
41 21
35 62
71 27
1 30
42 25
47 62
