72 1926
16 60
25 9
10 22
70 25
42 39
33 14
11 50
70 67
18 3
59 52
47 11
66 17
8 66
47 7
46 21
42 57
59 48
15 11
60 37
68 71
44 38
2 4
66 47
32 44
12 32
4 28
11 1
51 57
17 7
20 33
56 70
64 8
20 31
12 20
28 21
2 3
62 26
13 36
49 47
20 27
62 20
57 17
1 20
26 11
69 37
71 1
30 54
61 26
19 2
18 6
35 69
10 28
39 36
10 62
64 9
3 26
10 7
33 18
50 59
13 37
20 44
23 15
9 61
32 23
54 64
55 8
32 37
2 18
47 35
56 42
24 54
37 7
24 58
61 38
45 71
20 33
55 6
6 19
31 58
42 23
23 18
68 66
59 62
68 46
22 32
57 8
8 14
33 60
6 21
61 63
10 64
9 6
13 8
58 37
50 14
43 10
53 55
9 52
36 32
61 46
61 11
59 40
64 64
57 71
14 71
33 28
10 44
2 59
47 61
28 21
2 16
27 72
1 40
70 13
44 50
16 11
19 11
63 26
17 61
35 34
71 25
49 69
44 46
48 50
59 43
68 67
22 49
42 58
42 29
67 39
2 29
4 21
41 65
60 54
50 52
56 60
10 2
44 18
24 28
27 10
19 2
25 48
46 33
23 46
24 61
55 9
23 24
8 69
29 4
4 61
19 5
48 5
46 67
44 27
71 55
27 11
31 3
53 42
34 47
19 14
35 33
19 36
9 68
38 1
41 53
29 69
20 18
43 37
59 19
63 64
63 38
64 13
54 54
30 67
35 27
55 40
20 56
15 46
58 17
20 27
13 3
25 15
54 65
56 4
9 36
70 57
35 26
17 64
72 18
53 65
72 47
64 30
58 67
51 64
42 14
58 65
71 31
6 44
24 2
64 2
57 67
16 55
48 26
16 52
29 24
2 37
25 48
65 54
6 1
55 50
31 19
10 21
41 33
20 35
51 46
28 15
10 42
23 24
48 31
3 41
46 39
53 64
31 57
17 18
46 35
34 69
19 58
59 45
35 64
29 51
22 13
65 3
52 33
1 29
18 16
59 39
41 72
46 9
17 7
23 57
28 9
13 7
69 48
12 19
3 68
71 30
41 6
10 71
48 55
7 47
70 6
63 30
25 42
28 7
47 5
36 66
32 34
16 2
70 64
6 30
19 62
68 43
52 10
14 41
29 61
33 36
29 9
25 39
51 70
40 68
1 9
56 39
32 62
67 68
53 40
57 14
34 14
2 17
40 40
52 18
35 42
71 46
70 72
7 40
33 44
26 47
72 27
43 15
22 38
62 71
50 72
29 59
17 36
18 10
12 17
69 27
11 55
65 43
66 36
26 27
66 27
34 64
51 45
4 42
10 58
56 9
62 1
41 37
23 54
35 29
16 60
57 26
52 36
22 69
7 52
2 70
47 19
15 63
35 36
61 16
50 42
19 36
7 27
30 12
20 15
71 58
13 58
56 25
70 8
31 19
31 33
47 11
55 46
43 20
7 10
4 65
56 60
13 63
32 13
61 8
48 13
60 9
34 19
66 6
2 20
52 61
65 50
17 40
26 65
60 63
31 47
58 69
43 43
31 18
22 47
4 9
28 16
35 26
31 6
62 27
14 39
37 11
54 40
31 15
24 55
35 48
11 51
31 5
68 13
1 45
27 27
11 31
55 10
20 14
69 51
69 63
29 2
34 45
45 19
50 47
34 14
56 15
60 45
67 31
42 34
2 64
70 62
60 59
42 8
39 27
10 35
71 34
52 4
10 51
46 50
50 56
15 14
27 29
57 45
5 60
69 3
43 67
7 27
69 27
51 13
12 42
49 30
20 35
45 62
23 45
2 22
7 9
8 16
67 64
10 28
70 37
53 72
13 30
71 48
40 64
36 62
42 35
15 12
4 12
71 7
55 51
56 30
57 28
27 68
1 25
72 58
38 64
51 48
62 17
29 45
59 27
61 70
50 71
14 19
63 36
59 48
35 13
32 3
31 8
26 65
46 33
18 62
13 23
22 28
30 4
9 27
55 42
45 19
20 28
61 54
68 43
55 57
34 35
66 52
26 6
45 32
40 54
40 57
67 16
23 68
15 55
52 2
67 31
19 69
32 36
37 35
4 50
37 41
54 46
39 2
26 36
18 32
63 66
43 10
32 45
44 14
64 3
37 25
33 41
34 29
6 62
4 10
47 31
37 49
53 68
46 12
71 19
59 42
53 28
42 34
51 13
47 21
24 30
60 65
7 63
15 3
29 65
12 69
53 19
69 56
32 30
31 59
1 51
63 37
8 51
69 64
61 55
72 47
24 50
58 65
14 67
12 54
47 15
61 1
69 62
7 55
31 21
67 47
23 20
47 2
41 25
53 21
70 61
61 53
64 21
13 18
38 52
65 31
10 15
30 1
33 17
59 69
18 48
1 63
67 23
34 25
24 69
65 25
14 30
32 22
55 65
64 36
55 34
36 29
22 33
15 34
63 26
63 43
17 30
26 52
59 34
8 49
69 47
17 19
12 58
57 43
31 4
40 22
64 21
39 1
53 13
32 31
64 3
13 33
19 65
36 53
16 55
58 43
64 7
29 11
66 57
46 35
62 16
39 40
51 29
57 2
70 67
26 70
20 2
60 22
9 56
57 27
18 60
62 70
64 37
54 51
30 59
41 55
37 68
20 3
30 42
19 17
56 67
44 39
42 25
45 3
35 18
41 69
32 59
15 51
54 17
51 40
57 48
33 62
52 48
56 23
66 12
35 54
60 37
6 51
4 47
23 15
33 1
50 20
4 11
66 65
10 43
29 53
3 49
15 49
3 52
17 59
63 4
27 64
18 1
24 18
32 51
26 10
3 20
30 64
60 60
41 9
20 59
58 16
67 28
34 32
2 40
25 16
4 16
3 16
66 47
51 11
7 7
15 38
24 43
12 16
1 21
67 66
4 18
60 41
27 2
58 18
24 36
56 37
27 41
2 29
59 48
38 55
65 58
4 25
50 6
61 13
51 40
8 13
33 70
11 25
17 36
39 64
54 64
12 59
66 8
72 24
15 10
2 29
29 20
68 51
23 29
48 54
33 60
65 2
69 16
21 32
54 48
10 1
20 4
63 34
50 35
29 32
36 30
6 62
53 13
52 5
48 17
69 20
29 17
61 56
62 9
44 45
66 16
34 38
50 16
1 17
3 68
50 62
59 37
26 2
47 5
22 63
20 40
4 70
21 71
28 56
29 55
32 33
13 26
40 46
16 45
56 48
4 1
46 34
52 45
46 72
28 44
9 72
53 67
54 53
26 54
71 57
18 20
47 19
54 40
2 58
61 33
70 1
23 44
41 67
63 48
35 8
4 18
53 41
57 3
66 16
52 7
37 68
60 55
27 60
23 57
50 49
66 61
27 25
10 20
12 17
59 53
72 67
63 40
27 41
9 38
17 64
59 32
22 24
4 7
11 67
6 36
56 12
63 2
37 27
22 72
6 70
17 67
46 9
13 52
18 49
53 14
17 53
54 18
67 14
43 22
56 65
4 51
66 11
4 70
70 45
19 18
63 23
9 4
11 1
37 47
2 32
45 25
12 38
14 6
11 22
23 27
49 62
57 61
58 69
65 59
69 71
65 1
63 15
19 15
49 20
24 26
68 63
57 57
34 68
44 10
38 31
16 22
70 41
4 58
64 19
13 48
35 42
71 37
15 28
55 12
48 66
22 35
23 70
32 61
65 70
53 72
36 42
32 63
64 51
63 66
42 44
42 36
47 62
47 54
6 14
52 59
62 9
71 4
67 12
59 12
43 45
12 46
6 6
69 70
37 27
24 5
66 1
62 17
17 18
47 68
13 62
28 12
37 12
35 59
64 65
26 8
8 56
64 62
35 28
17 35
31 50
24 35
7 50
2 62
65 54
32 64
35 4
69 63
69 49
25 42
47 71
29 16
6 48
56 39
36 19
42 6
38 15
23 61
58 62
70 19
8 4
2 64
16 31
64 52
20 25
2 72
64 35
36 52
63 21
69 8
71 28
25 55
9 35
28 41
2 13
57 24
21 49
60 45
12 23
53 36
28 35
14 5
57 40
30 12
66 54
23 43
31 14
13 71
48 37
9 16
63 48
60 5
32 56
8 23
24 54
67 69
4 8
29 1
60 44
61 56
16 28
22 31
33 66
40 44
27 22
52 11
9 7
8 2
58 23
52 47
3 10
28 56
61 47
39 68
56 23
39 72
48 38
2 44
71 8
32 23
19 22
14 56
49 57
19 15
10 62
57 51
61 27
46 46
22 65
27 14
69 34
37 68
10 13
10 18
40 47
30 57
7 60
55 25
70 23
37 20
16 62
39 13
7 18
50 5
47 61
11 31
52 21
46 69
14 72
64 33
52 32
34 40
55 65
47 20
49 16
48 2
37 15
21 68
64 54
32 55
8 20
37 15
60 71
12 17
29 32
2 25
44 50
52 6
60 12
21 59
56 37
19 15
40 64
21 47
72 32
71 18
42 70
2 14
54 72
21 65
6 44
8 58
47 70
11 17
45 22
67 29
45 30
69 21
33 10
21 32
48 64
33 8
4 2
41 52
56 18
10 6
18 37
4 69
45 67
1 19
26 15
31 1
64 2
55 2
25 36
30 46
15 45
4 56
71 41
68 25
60 43
27 6
15 35
45 48
38 26
44 51
19 70
18 9
47 9
33 8
15 47
64 9
29 64
9 58
1 26
9 30
10 11
16 59
39 69
66 68
51 35
21 9
9 3
12 36
20 29
18 61
59 18
3 33
18 56
16 29
44 62
1 33
24 35
33 35
10 4
52 42
11 45
28 53
67 55
60 58
38 67
12 11
53 62
71 30
23 54
57 27
56 20
68 44
24 2
45 72
30 23
35 40
63 9
56 15
10 18
44 51
38 62
29 17
38 35
27 32
28 34
27 51
51 29
66 45
25 58
45 25
61 23
15 40
22 6
67 55
21 19
2 39
51 51
22 46
29 72
48 23
31 51
56 69
15 65
35 22
60 48
9 38
39 11
39 49
24 13
43 45
52 11
39 6
53 69
15 60
43 54
46 19
10 57
54 34
11 7
54 30
72 70
17 31
50 52
45 26
69 53
41 25
39 17
11 57
53 50
56 26
6 12
53 12
20 61
14 32
72 7
45 60
61 12
61 4
16 50
7 37
62 7
5 67
55 38
21 14
18 2
33 32
48 11
12 10
69 23
7 8
13 51
22 2
19 10
20 21
64 28
38 57
58 2
62 51
27 26
23 38
4 7
1 30
9 26
29 62
54 14
43 50
2 24
57 7
3 38
56 58
19 59
58 70
2 32
14 2
59 28
55 34
19 38
17 52
56 18
62 46
38 19
64 39
48 17
40 11
36 51
31 43
56 54
34 36
60 14
11 62
64 28
70 16
24 9
65 50
21 67
24 4
21 62
8 37
69 20
66 22
31 71
66 16
55 54
48 19
26 46
22 41
57 35
4 26
10 56
1 33
40 20
19 6
60 13
57 6
60 17
22 56
51 66
40 49
16 66
18 35
52 24
63 1
54 65
25 70
57 51
49 15
66 53
55 30
66 3
19 8
58 25
21 33
56 22
3 31
28 11
25 12
24 3
38 32
72 70
68 46
62 25
72 21
9 56
27 3
55 14
16 53
41 52
47 41
14 8
9 24
2 16
5 30
24 48
51 60
22 48
55 17
24 18
23 52
72 18
32 28
68 47
7 67
16 17
68 65
14 51
43 5
43 26
70 10
60 31
13 15
24 50
64 22
16 31
70 58
12 70
46 43
32 61
63 60
71 24
11 47
63 36
17 7
61 57
67 22
26 47
45 40
71 26
16 71
4 56
13 41
63 25
37 7
35 9
17 15
71 19
14 28
17 6
11 4
2 12
70 59
4 72
11 63
26 48
30 27
62 52
60 71
48 38
69 48
46 18
13 20
71 8
11 41
13 31
25 46
26 12
13 50
1 11
39 12
1 45
36 42
61 44
18 22
32 27
54 62
56 9
42 51
63 31
67 36
10 47
2 12
67 56
41 41
66 24
72 7
68 57
72 68
42 23
17 29
14 32
71 25
33 69
58 36
72 49
14 31
64 7
31 22
39 17
41 42
46 54
40 48
12 11
28 17
68 46
47 11
58 7
25 41
1 7
67 31
57 61
51 1
31 23
64 27
70 70
23 19
45 62
37 55
32 68
30 49
11 64
29 58
68 29
28 14
41 7
14 28
42 68
28 1
32 70
69 69
54 40
33 46
39 23
24 4
41 59
38 21
72 22
35 65
13 5
8 48
40 68
3 3
28 38
23 9
34 13
6 27
25 71
25 10
13 18
25 31
69 9
62 3
26 48
72 48
44 36
69 40
30 31
10 20
14 50
29 24
54 11
2 69
6 10
53 55
6 39
72 40
62 6
69 52
33 45
69 55
41 5
10 4
20 63
59 56
48 41
14 70
43 17
27 3
70 42
13 69
58 45
12 8
44 33
10 41
5 22
67 6
13 38
32 69
33 61
61 13
34 66
34 67
9 7
71 5
64 38
51 44
34 4
31 61
13 59
14 8
71 58
8 30
7 31
7 20
46 64
1 13
13 70
8 47
16 36
63 12
60 71
70 4
21 53
47 25
43 35
41 43
54 66
4 29
15 25
23 48
1 65
15 30
64 5
17 2
41 56
2 46
26 44
21 13
11 48
45 18
22 41
11 32
58 69
17 68
6 20
32 16
52 16
31 34
68 6
53 20
59 4
34 52
67 70
25 23
5 68
40 10
12 47
59 57
36 4
22 51
67 63
49 30
47 68
49 63
16 25
60 13
22 64
37 39
62 4
50 10
34 10
26 39
31 11
42 13
59 30
10 19
14 51
44 17
64 53
68 15
36 32
54 5
43 3
28 29
20 55
23 62
66 58
25 67
22 29
17 35
55 12
30 26
72 7
63 16
57 28
58 65
40 24
67 37
33 30
31 8
19 55
58 28
46 67
54 69
2 6
22 21
17 70
18 34
72 52
3 21
1 65
17 44
69 51
42 67
16 17
22 6
54 11
33 50
13 45
1 69
34 70
49 34
40 51
37 17
22 41
63 63
65 36
66 42
66 1
44 48
17 59
25 17
18 12
5 41
7 17
42 27
30 20
68 26
52 20
33 25
26 55
29 54
56 35
28 18
55 34
17 13
51 68
31 39
33 33
70 2
44 15
1 38
30 16
21 53
38 64
12 1
45 38
19 34
22 49
1 12
37 69
41 56
46 21
17 10
50 35
12 52
5 22
5 65
11 20
38 11
37 72
7 65
30 45
58 51
59 60
55 32
11 10
12 51
51 70
47 57
13 25
23 46
41 39
23 57
60 13
69 21
41 20
42 33
70 45
58 57
56 4
23 38
17 18
1 29
1 14
49 44
10 4
38 26
1 17
47 31
42 70
42 33
43 51
5 8
20 53
3 37
68 51
49 47
32 37
1 69
40 38
15 35
18 12
42 63
60 45
13 11
28 45
63 16
9 21
16 16
72 70
21 69
32 30
45 9
15 34
36 53
8 45
32 14
29 72
67 45
10 35
57 21
18 50
10 2
6 19
58 72
10 63
15 2
58 48
35 13
54 66
34 44
50 36
54 37
17 41
41 35
67 34
50 62
44 46
69 24
31 21
28 1
67 9
26 53
60 46
18 60
21 52
19 18
37 19
23 32
16 46
68 67
56 66
2 4
19 41
46 32
54 10
6 33
58 44
22 52
70 27
27 36
53 9
14 23
26 17
44 55
41 64
11 60
32 68
15 8
38 2
22 60
58 43
48 33
7 23
43 9
30 29
6 6
61 40
69 11
7 70
4 3
29 14
7 30
19 16
42 11
37 58
20 50
59 7
18 33
59 50
17 34
22 20
59 59
22 35
62 46
7 19
25 2
58 57
1 50
66 21
51 12
25 72
58 36
26 63
3 34
61 7
71 65
62 57
18 58
38 71
50 9
7 16
17 37
34 8
62 54
68 12
9 26
72 45
38 25
14 51
20 58
69 35
71 61
36 12
66 66
72 62
9 10
9 12
37 5
13 36
17 27
65 5
45 39
5 16
49 41
39 26
21 42
51 41
71 22
10 36
52 21
57 48
10 10
36 24
69 24
26 21
9 57
17 23
64 58
29 18
19 11
70 60
38 59
40 62
40 44
16 34
24 58
67 44
38 49
72 36
49 64
41 2
29 49
69 42
64 11
18 59
60 49
34 35
39 44
59 37
41 62
20 45
54 33
29 43
38 64
54 47
41 19
50 20
14 9
21 47
37 25
67 58
20 66
3 60
55 4
37 20
60 22
8 62
70 10
47 28
64 37
4 49
4 3
70 26
44 59
63 46
1 38
41 40
26 14
34 42
16 13
53 67
23 67
11 44
7 53
34 24
20 42
45 11
11 55
28 13
71 61
45 46
18 25
19 36
23 29
46 50
40 62
11 44
59 62
6 64
35 2
13 39
52 38
54 37
30 55
28 20
30 57
70 24
50 51
49 47
11 56
55 23
48 7
39 36
64 69
47 42
16 1
8 72
62 40
41 38
21 35
54 24
43 38
27 19
55 34
35 40
14 13
38 55
40 56
26 22
38 41
32 25
55 18
11 4
60 10
13 15
8 35
67 17
68 52
66 32
50 23
18 48
32 53
57 50
31 65
67 23
5 26
1 22
56 45
