37 112
34 25
20 27
10 17
5 20
8 1
35 36
29 3
6 9
32 22
10 25
20 22
19 14
15 17
29 2
36 34
11 20
18 22
12 18
4 34
35 33
11 24
37 4
32 8
31 23
18 35
24 37
27 12
23 25
14 8
21 8
14 3
1 18
27 11
34 17
21 36
10 14
7 23
24 4
28 33
23 14
7 2
6 17
11 12
27 4
27 31
11 7
14 14
13 24
23 29
34 12
35 14
37 36
34 3
32 18
24 36
7 19
26 6
30 10
3 17
8 22
20 34
24 6
34 20
3 15
36 30
34 1
23 8
23 8
9 21
15 34
8 14
33 21
10 25
12 4
24 29
7 28
26 7
22 4
25 11
23 20
18 11
2 6
30 2
12 21
11 5
3 6
28 28
24 1
29 5
12 35
1 36
10 25
15 15
13 10
34 12
12 16
15 20
17 2
9 31
30 34
33 28
1 37
25 35
4 1
31 19
8 27
19 12
11 4
27 3
10 8
5 34
30 29
