38 458
13 23
7 36
11 1
15 8
15 5
6 2
9 34
16 4
21 21
30 11
27 17
15 21
25 13
29 16
7 11
13 31
21 18
3 23
9 32
38 22
26 27
3 31
19 22
1 14
8 35
34 13
35 38
38 37
28 38
18 30
11 2
18 10
22 6
11 22
20 14
3 33
37 1
4 19
25 33
6 30
31 24
38 36
15 13
32 31
25 26
25 38
16 36
26 13
36 17
36 32
5 35
26 21
18 25
7 19
10 32
4 38
31 35
9 9
18 8
32 15
17 34
1 11
21 19
16 23
3 3
16 29
13 19
10 4
14 15
25 14
30 31
1 35
29 34
24 19
1 33
15 12
34 26
16 32
11 11
9 25
36 35
32 6
13 30
32 11
13 21
28 4
20 22
10 16
37 20
35 5
34 28
27 31
6 36
35 4
28 35
19 12
7 15
9 26
31 20
33 32
3 37
17 30
18 34
10 12
17 15
33 12
13 34
6 3
32 19
36 8
24 37
31 15
20 17
25 2
3 17
23 2
15 27
11 24
2 9
11 14
11 32
30 38
2 28
37 21
10 35
24 29
9 30
17 24
17 21
19 29
3 28
32 19
4 38
22 14
15 2
5 37
38 5
31 10
5 30
19 13
6 29
26 7
2 2
14 14
5 15
17 30
33 5
21 5
8 10
19 13
29 37
29 4
32 14
21 11
12 33
22 4
37 27
7 11
21 20
19 22
7 33
20 34
33 7
5 2
25 18
13 34
2 7
34 14
29 33
28 14
25 19
9 19
10 26
31 13
26 34
2 19
13 1
29 35
11 5
6 2
35 19
23 10
27 36
31 38
20 31
1 22
12 10
11 3
25 16
38 4
27 12
26 26
25 19
30 6
37 7
3 8
16 25
19 26
30 22
8 20
20 34
29 30
5 2
14 2
20 23
30 30
18 22
7 22
25 30
24 13
15 13
3 19
28 34
9 12
7 27
13 1
15 13
8 25
16 33
25 36
35 13
5 12
38 34
22 24
20 6
22 15
32 20
8 22
33 22
38 33
3 4
36 10
25 37
29 22
6 1
29 31
2 26
17 17
34 29
10 21
37 32
10 24
7 29
15 13
6 3
11 18
33 15
31 34
27 14
11 30
6 9
4 1
30 33
1 15
15 17
21 12
38 23
1 30
35 16
11 37
14 6
37 27
23 27
28 22
11 2
6 11
34 19
13 23
30 12
22 3
9 7
34 9
17 37
3 27
28 10
28 35
14 33
18 38
29 7
7 7
9 27
23 30
12 10
21 30
30 10
27 11
18 13
8 5
18 6
29 30
10 1
16 10
16 16
12 2
20 23
18 10
17 35
22 34
13 25
38 20
10 35
28 34
12 8
9 21
26 17
10 29
38 7
34 15
19 20
37 22
10 6
31 37
20 28
38 34
29 18
2 34
14 24
11 22
10 18
34 34
17 13
22 20
28 22
3 36
27 33
7 20
21 29
20 27
21 32
16 23
24 23
26 28
27 35
25 2
27 21
10 11
31 36
34 29
16 2
32 6
6 23
4 16
23 37
1 6
12 14
30 34
22 33
21 30
38 8
17 21
37 34
33 14
11 31
5 21
13 7
4 21
3 38
20 21
31 27
26 14
25 12
37 30
16 7
10 2
25 18
10 28
22 9
29 16
29 16
31 6
22 22
13 12
4 37
5 11
20 37
22 32
20 34
32 3
11 33
18 31
6 31
13 28
38 17
19 13
20 27
32 36
35 5
31 21
9 10
3 17
13 4
26 21
22 34
23 12
7 20
27 11
15 34
22 29
34 38
16 26
12 34
4 13
36 21
13 11
10 5
27 26
25 30
3 23
9 34
18 20
26 6
13 27
25 11
9 18
7 7
27 35
21 1
15 10
21 7
6 33
38 29
6 13
23 29
1 30
37 2
36 32
10 5
33 21
2 15
21 25
3 32
1 29
4 12
11 15
30 27
12 9
14 16
3 37
16 5
10 31
13 14
8 33
36 33
36 20
36 30
1 10
36 37
8 23
21 21
10 21
2 23
30 35
2 14
32 8
11 14
27 28
36 3
29 22
