79 569
54 65
75 24
25 4
4 37
69 40
43 39
26 68
24 34
41 34
50 68
6 12
27 68
46 26
77 21
7 21
43 17
43 19
42 23
55 63
40 11
43 65
78 20
16 51
49 5
26 42
53 39
40 42
34 57
3 15
36 71
70 76
30 72
14 22
45 9
39 38
63 39
52 21
12 71
69 54
5 2
14 61
26 3
72 62
37 21
21 73
34 8
34 4
61 60
67 71
66 63
7 55
77 50
58 32
37 43
26 77
18 60
69 64
18 67
70 3
77 16
74 34
57 11
76 77
59 67
30 72
24 2
68 32
39 21
33 17
30 52
26 26
65 31
45 74
8 15
43 4
11 71
50 43
31 16
39 69
62 56
36 34
14 48
66 71
1 21
35 1
72 53
70 70
49 39
60 58
31 58
55 8
24 3
5 69
53 52
55 72
41 60
57 58
37 43
51 40
30 69
2 69
29 46
77 30
63 74
64 78
71 20
70 53
66 69
47 60
18 18
32 12
37 5
23 6
62 74
70 78
9 3
46 21
47 29
4 53
44 46
79 50
4 14
59 74
29 66
46 28
28 65
57 54
55 62
2 72
76 43
22 64
70 44
43 44
6 7
7 48
37 33
74 75
71 47
3 24
51 39
68 73
28 53
38 56
42 69
23 30
19 45
33 55
65 70
26 59
58 57
62 16
61 39
28 19
21 3
65 26
58 47
27 12
72 1
20 2
54 19
75 35
24 24
49 63
36 45
65 13
52 34
11 1
54 52
6 54
67 10
54 55
67 37
26 49
13 14
52 61
69 30
46 48
79 56
74 14
7 77
3 41
14 38
22 60
65 22
66 7
40 12
26 6
1 11
75 41
32 29
55 6
22 39
40 57
33 12
9 55
6 76
57 3
33 63
16 11
38 16
39 16
27 2
10 41
24 23
57 63
50 1
18 46
49 32
10 3
53 10
16 29
79 4
71 11
44 59
23 1
70 68
17 43
3 45
3 15
61 38
64 42
59 5
22 27
70 50
13 26
2 45
33 77
33 78
9 52
73 79
60 46
57 50
7 28
9 66
5 22
56 71
75 16
11 38
11 11
52 14
3 76
18 20
47 51
41 68
3 37
41 37
78 3
23 24
39 40
25 73
78 69
16 17
41 19
16 70
67 75
25 18
56 68
65 52
75 70
55 11
19 27
57 54
69 40
69 60
26 31
61 68
64 69
74 12
39 2
25 17
73 38
38 25
3 53
75 52
34 42
59 78
33 41
73 41
46 55
16 23
35 28
33 22
42 41
68 28
57 72
21 64
32 50
76 30
1 70
43 38
48 35
11 35
45 18
73 68
1 7
30 11
72 56
50 7
66 65
38 49
56 2
9 39
21 3
33 21
40 68
47 60
51 47
67 78
48 53
14 68
63 23
76 10
49 14
16 37
56 59
74 38
61 49
68 31
62 42
4 36
55 63
9 45
63 27
13 13
45 17
24 75
21 40
55 45
25 62
56 4
52 1
78 75
70 12
59 48
74 51
74 69
73 33
19 9
17 30
73 78
46 76
75 47
66 39
59 4
53 13
43 26
70 57
32 66
26 32
20 47
79 74
45 59
48 48
64 79
15 48
1 27
71 79
61 60
6 28
54 33
35 36
27 22
60 58
12 38
26 76
1 17
16 40
31 28
69 1
67 74
69 34
72 61
54 62
22 19
68 44
8 45
58 65
9 56
7 6
20 1
15 77
73 17
54 32
40 34
29 38
62 6
33 56
9 37
32 26
24 56
43 29
31 53
43 43
8 42
19 9
6 24
28 5
37 61
19 35
19 43
68 60
21 18
46 41
11 39
69 29
31 25
35 31
77 12
79 8
13 53
70 16
20 1
45 41
46 15
66 19
40 79
64 33
44 23
57 69
55 45
12 38
2 66
10 29
53 56
42 8
59 12
17 50
79 26
22 45
12 76
27 26
64 54
18 11
72 15
22 79
26 8
40 27
27 11
12 66
56 7
22 10
76 66
71 23
29 53
21 14
57 71
40 63
73 31
62 47
63 26
14 12
31 10
17 79
37 43
10 9
61 42
70 12
68 22
44 62
65 7
31 6
65 20
18 25
48 46
57 17
76 30
24 30
65 44
44 39
29 19
46 17
38 6
41 20
78 21
8 12
65 60
38 30
65 57
39 29
65 29
73 64
38 8
1 34
1 14
20 46
78 7
62 75
27 40
23 43
17 5
14 40
18 21
65 74
23 25
50 23
57 39
52 73
22 18
79 20
43 65
29 35
40 11
6 11
66 31
43 3
38 79
10 78
28 70
36 45
46 19
51 23
44 49
5 52
23 22
7 42
16 62
23 43
71 17
75 24
68 32
17 24
75 35
31 36
70 13
22 24
9 31
7 68
7 20
46 55
21 41
12 11
48 66
9 78
16 11
33 58
57 24
26 76
74 37
43 15
76 38
76 67
39 15
14 7
59 10
48 56
59 45
49 9
32 32
18 47
62 49
61 8
75 3
62 23
3 60
36 13
37 55
52 75
25 47
39 51
28 5
65 52
27 35
20 48
14 46
12 77
23 61
62 4
55 6
34 47
