94 3777
93 61
33 50
42 65
17 72
64 63
52 90
36 21
22 52
42 89
93 78
35 60
35 63
23 57
87 27
36 1
11 17
90 72
62 66
59 56
84 56
4 91
25 9
61 18
85 40
52 25
21 74
16 43
82 48
73 16
84 67
74 79
70 55
37 12
71 10
90 20
49 85
58 72
15 18
35 32
8 36
52 91
53 28
16 88
26 38
66 26
42 56
5 59
1 81
94 82
56 74
74 13
63 49
89 69
8 41
89 8
60 80
90 20
29 91
30 38
77 84
79 9
76 92
1 56
85 5
66 33
13 90
39 82
61 32
54 33
62 30
79 27
67 28
65 87
25 74
5 48
4 18
24 74
75 23
21 65
86 5
2 85
68 32
23 37
21 65
43 25
44 29
46 70
9 42
66 5
62 79
69 92
13 13
77 48
55 11
13 32
34 19
68 5
3 4
1 53
77 32
37 32
8 19
19 30
63 80
90 11
6 19
42 77
54 61
3 20
30 6
35 24
6 7
17 87
50 27
15 91
51 29
73 78
40 11
42 74
55 86
78 80
20 82
1 33
27 61
75 61
9 85
3 24
65 47
91 42
79 23
3 24
14 80
21 34
55 91
92 75
23 9
30 33
4 57
13 37
25 49
5 14
40 36
50 41
57 90
31 50
91 77
69 93
84 7
17 54
79 16
83 30
30 43
80 34
20 82
7 23
75 10
52 24
87 39
58 58
38 88
6 27
81 9
80 2
63 12
30 30
58 84
36 37
35 33
7 70
93 86
54 84
21 42
43 9
3 40
71 64
74 94
60 37
83 82
10 8
62 75
47 93
67 43
36 15
58 90
22 77
55 68
86 23
33 82
14 36
50 77
32 2
27 15
86 73
11 46
70 77
28 13
3 22
85 11
31 43
51 8
19 83
56 19
9 25
81 88
24 59
92 48
6 68
87 79
17 85
4 62
11 34
11 94
21 79
32 64
56 20
28 39
64 57
53 38
4 61
8 5
92 33
8 37
89 71
20 70
87 43
10 74
48 13
7 49
57 58
30 85
80 5
11 4
56 26
60 91
92 53
5 23
16 24
15 45
32 55
9 19
47 31
11 63
65 81
41 45
69 54
87 24
9 27
7 86
7 16
65 21
81 44
80 57
85 21
82 11
45 94
37 54
2 34
60 3
38 89
49 24
18 47
18 92
62 69
89 61
61 32
75 26
16 31
3 46
4 15
58 41
35 21
57 64
6 23
61 51
63 29
11 88
71 54
71 44
34 85
15 82
48 42
73 90
8 93
58 61
9 70
60 82
27 41
85 75
38 1
60 19
40 12
7 93
60 18
92 58
53 92
1 63
41 71
43 42
49 56
8 85
54 23
45 40
81 44
11 2
22 13
66 17
15 66
86 17
82 10
78 30
13 81
7 16
61 67
55 9
48 76
77 50
22 12
26 3
76 24
32 47
55 61
9 15
61 78
79 83
66 47
21 90
65 69
16 51
15 89
11 70
93 51
59 3
20 26
32 91
19 60
89 78
64 17
22 75
1 18
86 31
74 12
60 48
30 7
39 94
77 48
51 2
23 21
39 90
9 51
33 6
75 70
75 23
17 92
31 82
6 89
63 37
21 14
53 24
25 24
36 57
27 39
70 45
79 93
89 47
26 16
89 9
8 93
15 41
14 44
86 85
14 36
10 55
10 11
56 42
62 33
49 62
24 65
15 21
9 61
80 84
71 58
32 90
82 45
42 48
28 24
88 74
31 42
64 63
15 72
14 25
56 67
50 86
77 34
40 67
2 66
80 3
54 49
85 30
28 42
9 79
69 53
65 50
94 38
33 5
87 59
55 79
22 19
18 33
28 59
47 29
73 52
47 78
36 9
75 36
75 16
19 42
53 18
61 27
80 76
85 73
14 24
78 60
66 35
35 94
4 8
89 91
18 49
4 25
42 75
32 64
13 23
91 74
90 14
59 35
48 27
59 69
41 32
19 26
57 42
15 34
18 71
8 33
64 34
37 70
80 3
58 48
1 16
23 89
7 3
42 40
29 55
24 25
15 78
90 67
47 17
15 87
50 75
94 65
48 18
49 69
67 20
83 84
76 30
89 83
28 58
27 42
9 69
2 52
70 2
70 43
23 93
58 83
25 3
32 69
86 35
84 69
14 33
90 2
80 92
25 73
42 27
81 91
24 63
17 38
21 20
35 14
58 57
44 3
56 94
89 39
59 91
38 26
47 61
61 19
18 30
24 42
12 21
29 64
65 18
28 28
42 49
77 37
86 22
9 20
71 67
2 72
65 71
80 72
12 9
28 47
73 37
24 74
75 94
66 55
19 59
37 89
28 3
77 10
71 19
34 14
57 10
29 74
9 75
64 39
40 84
80 30
45 72
23 48
47 91
7 81
68 92
90 27
24 21
66 54
46 48
19 90
56 33
88 77
30 60
1 49
92 39
18 75
66 8
28 16
12 9
43 3
11 87
13 70
78 74
70 40
52 42
20 22
61 19
59 51
54 31
5 74
59 79
20 24
91 28
88 92
36 49
22 87
13 47
71 51
15 55
57 76
32 20
25 38
79 76
60 74
56 19
42 18
74 52
50 30
47 80
55 74
15 94
90 91
26 90
11 72
92 47
85 24
31 83
83 50
86 85
77 86
58 85
87 50
11 9
15 54
81 43
65 64
77 82
33 45
32 9
17 88
5 73
22 1
31 80
45 88
1 41
72 5
59 14
84 62
28 23
45 50
48 33
1 94
86 24
28 53
44 73
17 61
17 8
13 80
26 54
88 92
8 12
23 61
46 35
39 82
40 13
40 63
60 81
51 12
56 27
82 4
27 17
39 10
33 82
71 89
59 22
35 62
70 64
40 10
21 46
58 66
76 50
86 19
33 19
91 8
45 26
9 84
54 34
4 91
93 16
74 35
13 83
59 41
72 42
20 55
13 84
66 88
55 71
20 27
84 44
3 70
34 14
91 20
38 83
12 70
70 58
84 52
29 65
35 73
93 86
26 14
65 66
52 94
83 71
55 39
56 7
32 21
8 56
62 84
35 17
89 73
24 6
29 62
49 45
32 59
59 37
83 5
21 85
66 72
28 23
61 23
87 48
93 43
8 69
9 49
57 39
84 63
78 85
78 1
49 57
53 16
34 54
23 24
60 56
72 32
76 91
18 51
82 33
68 82
22 4
56 61
51 21
56 60
69 36
23 25
33 29
68 20
44 89
90 9
85 14
2 9
57 76
72 25
50 85
53 64
58 40
39 17
32 30
37 35
85 65
82 40
71 48
55 79
21 2
15 2
90 62
57 1
13 84
46 81
49 12
76 19
51 71
1 31
6 89
23 19
25 60
21 60
3 79
33 70
71 23
75 5
40 84
70 13
3 87
26 73
56 85
56 70
50 10
74 8
12 57
57 26
35 78
94 37
16 20
32 82
37 66
91 13
25 29
87 36
72 74
34 90
94 55
16 64
50 90
67 54
3 87
19 40
38 81
78 32
47 60
84 79
28 62
48 72
52 43
28 80
57 74
37 86
67 41
2 23
83 52
90 82
19 94
39 83
51 48
12 3
23 1
80 64
59 55
83 74
82 39
83 51
24 19
34 9
4 38
30 46
93 35
77 16
1 41
29 53
57 34
45 20
34 32
47 63
16 30
45 35
69 11
54 6
4 28
61 9
17 13
84 49
4 4
75 4
10 12
18 18
38 36
41 31
13 87
59 70
13 85
43 43
53 94
68 44
83 89
54 24
65 35
42 46
42 78
87 72
64 24
7 54
94 33
50 20
88 13
42 63
15 76
16 10
87 57
72 27
71 21
25 42
37 51
13 93
43 53
43 38
24 10
20 12
24 58
3 93
48 25
84 62
45 22
30 88
45 34
94 24
22 18
91 85
27 17
58 80
86 82
72 13
79 5
89 12
43 14
40 92
24 82
29 17
72 4
17 85
37 36
18 73
85 27
33 37
4 28
75 15
10 73
57 64
55 34
44 46
10 65
11 58
32 41
52 68
8 78
57 67
37 45
53 64
54 53
2 79
82 39
42 5
48 86
49 31
70 56
4 16
11 92
67 83
21 30
12 23
72 58
37 77
8 54
23 61
45 43
89 7
30 87
76 82
60 26
94 65
49 58
21 54
61 33
92 29
65 34
59 51
47 21
89 93
59 25
92 58
7 20
28 48
57 89
39 23
3 84
85 12
75 15
75 52
79 52
41 71
43 67
27 40
23 5
75 73
62 61
21 89
21 42
35 47
68 6
59 3
78 70
84 32
57 46
5 94
45 64
76 6
32 78
3 56
89 9
82 79
73 11
46 80
1 92
24 86
49 73
67 86
75 78
51 17
25 31
68 5
71 64
33 35
64 79
23 33
93 70
5 77
26 70
32 38
52 3
21 19
78 62
55 62
68 89
23 79
44 67
60 45
28 80
29 55
14 35
55 45
15 17
2 43
16 87
23 45
53 38
9 87
91 74
40 59
58 63
50 24
89 91
25 85
31 46
84 90
11 33
72 16
8 93
35 45
55 68
47 22
18 10
5 19
52 87
86 7
84 35
68 67
40 10
90 76
10 85
8 82
83 75
56 84
94 13
49 88
17 28
47 44
76 68
6 85
91 52
71 81
94 77
65 2
10 23
13 8
10 37
20 64
45 20
49 88
69 94
40 20
13 30
47 38
91 81
6 60
7 77
90 29
19 37
64 90
11 55
28 47
20 3
2 60
40 94
64 60
17 50
2 5
32 31
77 85
48 8
33 14
27 36
55 34
54 41
48 60
68 41
93 41
89 48
72 35
92 44
7 36
1 64
57 51
56 35
60 67
58 36
36 87
66 91
16 24
1 9
35 66
7 93
59 90
1 65
67 44
11 76
33 94
52 57
4 10
41 76
59 73
89 69
38 39
34 79
10 40
41 68
39 16
27 68
11 69
16 5
26 1
32 47
64 90
67 60
92 48
86 24
30 28
14 8
60 56
57 48
45 34
17 5
71 90
69 2
77 28
93 23
81 82
24 68
60 16
42 30
21 7
75 79
29 14
66 38
78 18
12 20
39 77
19 77
29 54
91 35
35 21
43 88
20 60
56 52
48 94
29 72
89 5
52 56
62 20
27 60
50 64
66 45
87 89
26 52
29 79
2 30
63 30
35 16
7 5
19 90
4 80
9 11
66 80
57 3
29 40
3 51
44 24
42 28
65 93
93 15
56 87
25 52
82 43
89 74
30 18
79 94
4 34
19 82
55 21
25 33
61 54
82 4
10 83
72 76
42 1
52 91
16 52
35 57
60 50
60 58
77 47
38 21
17 79
23 90
10 22
55 62
15 26
50 8
48 26
22 54
39 50
75 63
75 36
70 13
43 9
65 86
40 13
85 83
58 75
82 7
27 51
85 16
93 20
19 36
64 5
48 31
9 46
73 92
38 77
66 65
10 32
18 63
50 78
43 50
91 78
69 48
91 66
11 32
13 9
7 7
39 78
34 41
20 47
33 36
67 57
46 67
78 47
59 88
28 40
66 17
30 88
66 72
11 43
3 37
9 63
12 25
62 29
10 36
19 37
58 16
92 4
43 86
71 81
31 9
7 32
1 93
59 57
46 48
49 42
70 73
74 89
20 81
71 18
72 89
13 82
25 20
80 34
45 13
23 50
77 34
91 10
81 89
30 31
56 23
45 47
28 44
23 54
35 16
36 8
6 76
38 42
40 19
50 13
53 27
71 83
6 70
5 77
4 38
44 82
90 3
66 15
79 51
52 40
23 83
38 33
82 86
38 67
3 57
2 29
76 93
1 51
76 59
93 11
26 14
24 59
30 31
42 68
62 90
25 5
88 65
81 8
91 32
4 26
25 45
42 13
42 50
75 88
63 56
35 55
20 27
66 78
25 19
33 40
50 90
76 1
69 8
89 15
42 39
46 19
27 8
69 21
4 69
73 74
43 60
94 87
76 40
86 53
55 10
39 5
91 28
81 32
91 31
77 15
30 38
54 18
9 26
91 13
5 46
24 2
54 86
40 59
10 81
62 34
6 28
75 31
19 1
55 9
53 84
41 58
49 22
55 75
12 8
38 15
25 72
79 22
84 19
53 7
50 53
15 93
52 94
42 50
55 60
39 35
45 80
83 58
10 70
48 58
75 52
6 33
75 61
56 3
7 62
67 61
73 59
12 44
64 81
44 6
54 56
23 32
65 25
42 56
41 6
56 45
72 11
50 46
44 12
5 11
55 42
11 78
45 76
51 61
30 66
51 65
35 2
79 55
94 92
16 66
20 19
86 6
86 1
74 9
58 25
20 37
70 11
20 61
75 37
42 22
71 14
67 11
81 12
22 70
57 60
80 43
61 64
83 85
68 3
32 62
29 78
88 21
63 56
94 86
36 88
33 17
64 21
55 93
26 1
32 47
14 8
28 12
43 66
50 35
48 20
8 18
88 61
73 57
67 21
23 70
79 64
21 45
78 12
70 83
14 46
11 36
64 33
22 9
46 54
34 62
56 89
48 5
18 29
49 93
39 52
7 57
80 17
88 32
11 43
15 89
52 42
20 16
6 7
93 29
10 83
54 42
89 61
61 51
66 78
43 64
15 82
93 49
43 65
36 82
49 21
11 23
5 64
13 61
36 43
5 7
94 68
20 57
86 9
64 30
74 53
30 18
51 88
6 4
76 87
34 35
39 2
69 57
72 25
81 84
71 12
25 38
91 27
38 85
28 47
94 16
68 87
32 48
18 78
70 64
13 88
67 77
18 77
6 55
83 56
80 57
28 27
45 63
31 3
88 48
84 76
89 59
8 4
17 63
31 6
79 8
80 77
93 20
25 1
67 29
90 13
38 69
71 51
81 76
69 50
43 82
30 40
59 74
15 52
94 11
77 51
87 22
61 21
90 20
44 72
9 20
23 61
48 24
9 83
36 82
49 44
67 80
58 67
67 61
70 33
77 74
10 53
70 25
68 60
65 86
24 79
16 28
28 74
40 20
65 66
36 25
56 16
26 53
25 40
63 93
76 79
68 76
86 75
57 26
41 6
30 62
84 56
82 47
59 11
82 25
89 17
33 89
49 49
59 55
68 88
47 13
16 31
63 75
51 88
19 43
3 58
79 1
6 56
46 85
42 64
59 71
7 85
52 94
60 23
27 67
47 54
56 11
58 76
45 17
47 61
74 37
65 64
68 59
8 55
86 88
43 20
16 41
68 4
79 6
16 54
64 37
11 85
48 71
4 91
61 62
90 57
74 75
66 69
46 53
83 28
34 72
88 90
21 29
51 33
38 87
26 81
80 87
47 43
34 92
40 74
51 71
64 25
16 30
82 16
35 14
94 26
43 29
78 4
36 2
39 36
40 29
77 12
14 79
19 15
24 25
30 32
37 60
3 8
12 51
13 81
77 86
76 42
91 21
4 7
67 8
58 49
61 26
55 64
18 88
20 70
78 44
33 94
85 31
3 68
90 40
14 14
16 64
63 31
4 10
53 73
90 78
26 64
54 42
46 51
42 76
28 49
69 14
66 39
22 46
9 38
35 42
82 12
44 84
57 61
55 49
67 15
66 60
87 57
29 74
53 3
6 32
66 39
15 21
60 90
22 39
82 16
41 3
93 31
16 61
60 85
27 50
32 69
78 89
10 79
82 54
89 50
23 42
21 11
82 33
53 7
75 62
1 44
91 71
86 58
21 81
37 75
94 37
57 8
64 75
93 47
66 26
66 70
8 83
31 70
19 32
37 85
10 39
18 65
19 50
72 30
80 11
50 23
32 62
55 29
44 87
90 86
73 24
21 62
13 79
83 17
81 32
55 82
56 49
67 46
45 58
55 7
51 24
31 48
85 7
83 18
82 45
39 94
80 6
19 71
58 54
16 49
30 79
82 32
75 42
65 5
14 21
70 59
80 49
26 29
23 64
75 37
21 82
57 62
81 35
62 58
21 53
8 42
2 7
32 66
7 67
81 18
12 27
48 74
18 39
10 84
45 29
17 67
52 50
72 75
46 36
33 67
9 87
53 21
17 78
56 47
27 85
36 10
65 11
27 6
7 86
89 51
10 9
37 94
51 52
32 66
94 83
11 37
63 6
33 69
35 41
31 68
71 20
38 75
82 87
38 64
23 57
87 69
94 88
45 77
70 45
3 82
59 53
32 13
61 73
19 59
69 32
93 66
25 10
51 22
29 28
64 69
13 68
4 30
55 26
5 1
93 26
12 75
35 64
48 26
37 50
65 54
56 34
49 21
7 81
75 20
34 35
7 23
4 32
25 33
80 9
59 13
90 52
90 88
94 78
62 63
13 3
39 39
60 44
56 35
28 61
74 28
56 74
81 25
52 39
77 44
75 11
1 78
38 37
80 53
41 13
29 24
17 78
76 75
49 88
56 89
13 41
54 81
12 73
61 39
46 84
48 51
88 58
91 59
72 28
90 71
19 47
68 80
46 67
64 72
81 22
60 41
62 5
21 24
62 82
50 15
89 19
1 91
36 38
52 33
70 1
62 16
72 12
24 37
85 68
30 51
61 31
50 94
37 73
19 80
78 37
33 45
48 57
15 1
77 79
35 69
28 50
15 23
92 94
19 66
32 13
53 14
42 70
61 67
70 11
40 37
27 91
61 78
21 18
80 63
26 60
29 55
43 47
62 79
22 60
91 9
35 8
69 59
74 73
2 69
34 23
39 20
40 36
84 54
55 85
55 15
93 77
74 20
89 56
55 55
32 82
9 35
41 32
87 15
91 59
5 87
39 33
11 61
74 34
44 54
94 70
26 10
30 55
14 76
86 51
19 68
2 50
58 23
6 9
26 17
43 6
41 79
45 65
83 24
50 55
46 92
84 52
64 10
40 45
44 47
1 48
91 26
1 50
28 85
2 58
31 6
45 74
75 10
61 15
83 30
70 43
35 77
18 55
88 52
41 15
29 5
14 11
35 6
93 36
22 77
16 20
42 3
43 23
5 44
80 83
87 18
30 14
43 60
8 55
40 23
59 81
92 14
84 58
12 85
2 28
1 76
78 57
77 24
89 41
27 90
12 24
78 72
82 90
21 6
40 84
71 90
43 32
45 17
11 68
33 56
67 26
71 30
55 1
81 68
84 9
63 10
31 64
77 32
21 31
78 2
87 70
12 26
91 47
34 57
67 15
36 89
63 39
11 32
85 41
55 38
58 9
45 87
40 22
15 3
32 81
74 49
19 92
35 16
69 38
83 19
7 31
94 72
24 92
4 49
66 52
60 6
92 62
51 12
59 41
66 31
93 65
86 64
46 46
70 1
12 4
74 59
43 80
54 21
94 55
20 78
17 28
44 8
79 34
19 87
78 77
53 67
44 45
50 29
13 1
68 15
8 15
75 40
17 58
28 48
19 17
40 66
76 2
35 75
78 30
7 57
55 38
3 44
44 25
31 65
88 89
74 71
84 59
86 5
40 31
94 38
69 62
74 10
67 88
23 36
67 16
53 72
67 77
42 43
79 19
4 2
14 29
5 34
42 26
5 41
25 35
11 83
77 80
33 43
27 64
18 15
60 12
89 47
67 14
88 53
1 1
93 38
31 73
4 29
34 8
64 59
78 51
10 84
82 89
42 10
40 90
34 44
33 31
39 18
89 30
66 41
72 31
91 18
81 43
9 51
5 71
14 32
29 83
42 19
82 82
15 45
4 28
29 24
12 80
11 66
5 11
65 32
5 73
87 45
3 68
92 73
47 33
52 57
54 47
2 92
15 83
63 83
34 64
37 79
23 13
64 20
87 14
69 12
77 64
83 21
17 90
64 70
41 27
65 32
15 87
70 89
23 19
84 13
62 33
2 88
48 15
27 73
12 7
42 40
14 68
41 26
49 58
94 71
75 83
27 32
43 89
14 42
19 36
43 52
25 51
37 6
88 40
18 52
48 38
42 82
86 12
25 1
68 74
14 31
79 4
54 30
33 17
93 2
8 69
85 31
77 93
71 68
26 76
78 19
35 45
21 29
33 8
15 44
51 77
55 16
22 57
69 63
17 29
78 18
68 8
29 71
36 80
51 77
46 47
46 23
8 85
60 53
42 9
81 36
94 81
14 15
18 50
21 8
71 3
5 83
65 79
3 59
11 10
39 5
24 81
40 50
84 84
94 42
36 60
39 94
73 34
49 57
85 15
43 70
71 12
83 39
71 48
75 41
4 77
63 9
43 54
93 37
87 69
75 53
85 27
15 79
60 72
57 17
68 51
31 50
30 16
87 83
21 93
59 32
4 81
58 3
51 64
5 62
51 53
75 30
67 57
75 88
75 75
85 54
93 45
47 2
25 58
59 94
94 65
41 76
65 54
91 14
86 15
21 60
19 68
70 68
84 64
31 56
51 38
71 23
92 51
11 25
8 91
5 61
71 54
29 2
37 31
6 86
89 32
38 52
3 42
19 91
45 14
5 22
23 73
86 7
34 58
3 21
69 69
84 69
10 70
20 22
81 70
64 36
76 45
40 9
39 91
34 40
10 94
77 72
31 89
89 30
17 32
43 54
40 10
79 88
61 4
61 18
5 45
74 77
37 93
80 64
57 57
41 83
13 50
92 35
47 2
60 21
58 47
67 59
81 85
39 87
16 46
21 12
57 59
93 45
75 79
13 75
68 64
5 50
13 22
39 89
87 11
75 23
81 39
37 43
17 35
33 72
93 20
82 1
20 34
83 55
26 86
7 59
91 56
81 11
40 84
67 84
40 38
43 1
60 72
7 91
59 4
57 32
77 26
42 61
61 26
12 55
79 5
73 43
76 16
11 38
45 64
92 81
49 9
81 54
6 90
76 58
85 5
33 47
88 49
12 72
35 55
91 30
66 24
5 24
91 26
29 90
36 65
42 81
36 80
26 33
1 71
37 66
53 38
74 84
74 29
37 76
62 92
83 20
57 4
26 9
24 60
14 49
51 15
26 50
43 74
16 91
48 6
49 23
4 87
87 16
17 52
6 62
84 55
15 26
27 26
45 69
68 76
34 22
53 81
87 22
80 21
43 42
57 67
58 91
62 10
19 72
8 87
61 71
51 72
85 87
4 94
44 79
69 18
25 3
20 89
73 60
88 72
25 55
24 85
2 61
91 63
4 11
6 38
76 34
47 14
62 72
70 53
12 70
63 60
79 61
39 26
33 8
17 24
48 18
58 73
38 19
58 36
70 43
3 33
67 86
71 53
52 38
20 25
45 29
77 60
61 58
46 6
62 39
83 33
16 6
39 55
69 21
67 25
93 75
83 22
2 7
53 13
74 40
81 34
82 6
86 51
10 80
27 63
42 72
79 93
77 19
13 35
30 93
41 17
25 89
6 85
53 59
23 18
29 59
64 60
52 60
18 47
38 80
81 19
36 90
84 68
41 92
59 28
33 44
4 20
30 69
37 30
80 43
55 12
89 37
55 42
10 90
29 89
75 68
2 67
41 50
18 54
24 92
69 61
18 32
78 29
45 88
46 39
29 13
60 16
67 27
8 4
76 79
78 72
51 73
32 35
29 27
47 74
10 73
41 10
65 16
56 7
49 73
27 23
30 30
14 17
5 8
27 81
46 94
35 60
9 85
34 12
3 70
28 61
21 50
66 24
38 40
56 30
77 40
31 58
32 35
65 47
22 89
20 64
46 22
2 89
89 17
57 25
12 11
67 49
65 19
5 59
79 79
14 32
91 81
85 64
36 69
32 45
31 41
46 93
78 62
69 81
1 27
72 74
80 83
70 35
75 89
20 67
76 64
3 42
94 45
29 31
33 53
58 87
22 65
85 43
66 6
31 80
2 49
44 83
74 61
43 41
24 30
3 50
21 82
68 37
12 42
89 75
83 46
33 27
26 44
1 27
93 49
29 55
11 87
90 60
76 8
73 17
16 61
16 6
70 62
89 19
41 11
4 82
69 61
55 5
36 10
50 58
66 78
41 56
6 15
21 31
14 93
88 49
30 83
39 39
88 15
28 11
37 42
72 64
15 26
63 91
48 12
33 11
34 80
51 43
62 28
76 13
32 21
92 39
41 69
88 23
46 38
23 41
83 39
25 83
91 26
77 57
41 24
13 4
1 34
31 92
45 35
24 75
39 71
61 26
49 32
85 91
75 29
68 9
77 31
5 10
25 26
85 75
14 78
31 52
2 77
52 59
92 42
5 39
89 42
55 50
35 20
77 29
17 7
12 7
69 53
37 27
82 91
7 20
5 31
84 91
5 36
82 10
72 12
7 76
2 43
5 64
19 24
15 72
8 39
88 19
74 3
52 69
88 16
12 52
36 66
3 33
88 28
73 53
87 25
70 14
5 22
74 63
6 16
92 55
83 86
46 89
13 81
70 85
11 34
53 55
18 77
25 28
73 86
42 74
68 27
25 89
71 48
21 61
57 26
10 86
41 63
94 22
16 92
15 53
20 70
50 65
70 92
27 72
39 82
68 77
44 76
40 63
16 88
4 44
66 3
49 85
70 81
14 56
66 10
33 81
86 38
5 88
69 26
74 23
94 65
31 13
61 58
51 30
7 21
19 72
6 90
54 57
13 73
63 42
14 88
3 44
23 47
58 74
80 37
94 35
76 38
41 62
22 52
69 60
69 76
67 7
36 84
94 1
79 54
74 23
90 17
49 55
69 85
16 37
21 94
51 68
80 68
47 89
14 18
7 50
14 56
46 50
38 14
48 47
1 31
94 5
37 68
5 38
25 38
52 30
18 54
54 41
21 44
79 3
55 51
21 76
23 20
82 50
82 72
32 90
29 94
40 78
87 82
26 20
57 21
25 16
12 72
7 52
53 69
23 32
30 16
17 25
43 90
66 87
35 38
12 58
13 22
49 68
45 85
74 25
3 89
80 41
94 79
50 67
59 50
35 56
15 25
32 40
50 21
64 56
26 70
84 25
38 74
16 73
32 46
70 71
55 56
34 38
38 4
42 42
26 15
50 12
33 2
80 51
70 10
71 25
20 75
36 59
89 27
86 4
82 9
65 40
36 48
28 59
35 78
63 63
66 93
31 30
87 17
41 4
66 36
75 10
74 21
90 54
47 26
94 58
58 19
14 70
65 88
77 66
50 2
20 76
19 66
22 93
33 10
92 44
85 14
64 31
80 6
10 68
50 93
30 45
52 62
35 33
24 94
16 43
31 26
9 25
40 84
35 41
30 72
33 10
18 53
93 94
6 32
66 59
79 31
60 38
83 11
94 58
38 85
25 93
5 55
80 53
84 94
14 53
86 84
16 58
65 66
16 78
87 43
20 94
67 30
55 3
76 59
25 3
10 91
26 94
55 93
2 91
46 77
20 31
46 62
22 73
84 86
68 13
30 6
78 63
54 7
45 80
16 21
12 63
30 58
60 63
41 66
85 67
73 55
69 13
71 53
29 11
55 82
5 50
35 89
52 3
16 94
26 73
19 70
53 13
63 88
65 77
13 12
52 14
25 42
65 79
27 15
68 66
81 86
73 24
3 49
68 3
72 92
59 19
55 58
44 15
87 49
37 8
42 5
3 36
72 5
35 32
43 16
75 52
70 45
3 15
79 73
81 87
69 20
60 10
20 24
49 79
55 6
1 35
11 28
86 81
41 14
48 70
82 86
36 59
92 48
19 93
17 48
42 33
91 73
64 91
16 26
76 75
22 32
81 79
89 59
18 73
67 14
32 42
13 45
12 59
60 78
51 84
62 9
15 6
9 62
77 64
19 66
32 77
94 60
68 81
68 78
19 45
92 56
87 83
8 76
23 38
26 34
72 84
7 31
76 53
4 69
71 38
5 85
28 2
68 50
26 62
47 9
43 21
69 27
59 65
91 35
67 71
3 87
8 59
62 53
18 68
7 89
45 85
62 86
43 62
53 25
59 12
83 91
22 42
55 52
23 20
63 45
81 94
8 22
13 1
64 36
7 68
32 16
23 3
78 47
33 88
93 76
36 16
90 41
35 87
6 18
84 16
7 19
59 58
37 65
82 35
18 70
37 29
71 72
35 42
52 4
82 58
94 76
57 90
37 78
9 14
59 10
67 93
83 21
83 42
57 37
83 9
46 18
42 15
11 90
42 8
43 50
45 55
49 58
78 8
46 87
56 37
79 46
31 65
4 41
64 78
29 69
21 57
82 44
9 66
53 67
69 66
15 13
22 27
73 82
42 76
16 24
40 60
18 59
41 92
83 27
42 66
92 74
62 73
27 32
55 66
88 60
17 10
51 58
49 84
87 47
33 2
72 33
85 79
65 65
58 35
16 79
34 46
40 33
72 87
6 67
12 83
94 8
51 69
24 49
87 51
78 49
43 62
40 33
86 26
43 35
81 4
66 90
93 20
93 83
22 1
54 70
84 47
42 81
68 85
20 40
73 46
8 63
17 66
68 18
12 55
88 41
67 57
82 45
26 19
68 53
94 59
55 69
41 53
62 45
23 51
48 80
39 14
93 71
57 54
25 35
35 13
84 89
48 12
66 82
65 89
36 61
64 4
67 94
42 75
75 54
47 3
46 34
65 46
18 64
6 33
81 21
61 42
58 41
86 29
40 88
10 6
82 46
51 30
74 62
79 66
82 57
35 20
85 82
45 56
58 43
18 31
68 41
68 92
9 74
39 84
49 87
91 88
72 12
70 94
58 21
4 49
5 38
57 12
48 48
17 67
13 92
61 7
48 68
11 69
44 12
18 45
80 25
7 7
2 86
30 45
83 16
64 76
21 5
19 66
47 57
74 42
70 57
94 56
46 92
34 81
52 28
8 29
12 16
17 13
82 84
86 33
25 76
88 67
72 32
61 28
65 7
23 86
50 25
25 48
32 64
85 24
29 77
21 4
80 22
42 50
62 73
87 10
60 76
74 45
77 50
26 11
65 39
66 74
11 10
87 69
17 86
75 14
39 49
91 57
52 46
54 38
46 94
90 79
50 81
32 29
19 37
11 37
33 88
3 84
24 57
90 92
12 15
23 87
45 88
18 93
56 86
78 79
33 83
84 9
83 78
9 35
44 20
43 21
32 31
85 37
18 49
72 21
68 27
79 86
56 5
17 16
71 11
8 84
72 77
48 46
77 74
49 90
85 13
59 70
31 27
14 37
47 49
62 45
11 33
11 91
94 57
15 78
20 44
88 67
72 30
22 61
88 37
80 10
65 39
26 87
2 65
72 88
46 70
94 2
85 58
1 86
24 16
91 79
73 33
91 41
85 37
72 6
57 28
64 37
88 57
27 73
31 2
30 40
15 61
2 33
8 87
17 27
38 42
30 91
65 34
51 13
44 12
82 43
43 14
54 33
7 50
57 36
57 52
90 37
25 15
77 20
62 13
65 76
7 40
59 93
55 23
92 58
59 28
73 94
8 74
45 42
5 89
7 41
75 32
16 87
41 87
16 19
7 64
17 47
32 74
71 31
87 34
34 39
49 56
56 29
90 61
47 28
50 43
93 84
8 61
23 4
43 25
12 90
75 55
77 72
79 85
1 81
20 26
14 80
15 55
85 4
51 90
30 81
29 57
11 89
42 30
77 48
58 56
35 71
44 45
55 12
49 80
2 85
69 50
91 90
47 70
70 47
48 14
54 80
6 57
64 78
29 20
47 61
86 3
27 69
76 73
75 5
23 92
60 77
76 8
21 11
76 59
59 23
53 2
82 27
24 14
76 3
29 90
27 68
46 17
32 4
86 66
52 90
74 52
77 19
55 61
64 42
44 27
87 4
2 75
58 36
18 43
23 26
83 75
29 67
17 33
58 47
31 23
11 77
80 12
89 67
59 35
44 79
56 44
10 69
78 83
32 61
14 1
42 69
85 71
46 92
34 68
30 35
18 21
32 69
5 69
29 3
29 54
64 85
19 77
6 1
70 25
91 74
85 1
11 58
5 23
68 93
9 75
85 88
81 77
57 14
70 85
60 85
78 92
19 56
41 64
56 54
88 70
36 93
89 88
3 17
79 83
24 94
76 34
62 90
50 78
85 25
16 28
54 48
75 7
64 3
91 44
33 76
1 9
43 42
67 91
62 51
38 9
12 54
38 64
20 57
58 60
16 94
29 19
91 62
42 56
28 22
34 30
63 48
16 29
94 79
30 35
46 58
64 80
48 58
32 49
75 31
12 76
86 4
62 63
19 40
41 77
24 76
12 42
68 49
5 52
2 80
2 87
86 2
39 55
17 20
71 90
53 37
11 49
76 77
78 55
5 87
79 42
9 83
64 33
94 53
10 55
7 62
94 83
56 53
1 24
63 53
13 89
64 67
21 12
30 10
89 92
42 47
13 73
30 52
15 79
18 53
20 72
47 19
51 18
24 51
43 5
26 1
27 70
59 61
52 56
4 37
26 88
87 72
61 43
2 77
1 21
31 29
42 6
56 91
43 85
25 80
36 53
5 24
48 63
31 39
56 44
73 52
92 23
29 89
66 19
43 6
20 27
82 77
69 77
77 92
45 71
10 64
39 33
6 50
60 75
38 5
43 9
45 35
13 38
47 88
41 4
61 73
63 48
14 91
36 72
21 76
80 55
48 78
38 37
9 77
21 22
66 43
27 39
5 38
54 75
44 80
58 63
35 22
17 83
73 45
89 42
20 91
50 49
4 32
41 2
87 61
52 20
54 91
3 71
39 12
94 27
77 83
4 30
1 40
83 63
77 9
92 36
16 12
40 92
57 48
57 77
66 8
94 25
78 53
26 41
57 72
81 5
45 4
66 79
25 82
39 79
76 41
8 29
59 63
48 82
68 64
21 47
87 33
8 74
32 25
19 37
44 10
49 70
94 55
58 65
80 8
72 25
36 70
42 13
66 89
51 58
36 22
1 41
28 36
58 66
6 33
58 30
56 25
7 69
4 20
78 28
40 83
75 64
20 28
8 91
26 43
12 30
44 18
88 13
61 85
34 18
93 50
72 89
71 9
10 6
27 83
1 65
58 79
50 88
3 60
43 85
57 77
61 91
12 40
33 69
19 50
92 73
2 70
8 52
82 38
71 82
30 93
2 9
42 6
8 19
82 71
94 62
67 59
17 62
34 24
80 90
52 83
60 59
85 39
60 41
