33 487
5 26
30 32
22 3
27 19
23 17
2 11
13 32
11 12
6 24
27 14
11 23
14 18
31 7
12 29
13 9
1 7
31 15
21 6
3 9
33 15
6 1
17 4
21 2
21 24
27 27
20 22
3 2
27 29
33 15
1 22
20 12
30 22
33 29
6 28
28 12
6 10
13 30
27 31
20 10
26 1
19 9
7 30
10 15
18 31
30 9
9 4
1 23
10 25
25 33
3 29
2 33
23 3
22 17
8 7
12 17
30 10
27 1
24 8
11 28
24 1
17 14
11 8
13 24
18 13
19 26
31 17
7 16
15 18
7 5
2 17
12 29
24 15
31 2
12 32
27 27
6 15
15 27
24 11
31 18
24 11
22 10
21 6
8 21
5 10
4 6
25 25
17 6
22 33
3 14
18 23
29 12
11 33
9 10
28 32
7 23
21 2
9 15
4 22
13 23
32 19
13 2
1 6
3 27
26 13
12 3
28 13
33 3
11 16
16 29
19 32
6 7
21 28
15 12
18 32
15 19
31 18
1 8
19 8
25 20
29 26
28 8
30 4
6 4
28 11
13 15
24 16
10 25
26 26
6 5
6 16
17 18
19 2
25 6
15 24
22 29
8 5
15 30
22 14
22 2
13 29
10 1
9 29
10 15
27 23
9 30
18 24
2 22
7 26
12 12
24 22
10 21
31 7
32 7
5 2
8 3
33 5
15 21
16 29
15 33
2 7
19 26
4 21
3 9
23 7
16 10
22 12
18 8
22 17
6 12
17 32
33 31
14 32
29 10
23 14
11 22
18 26
27 32
25 12
30 11
20 17
22 22
23 16
24 25
26 10
24 19
2 18
16 27
1 32
20 5
14 27
32 3
31 18
18 23
12 11
8 13
5 25
12 32
13 30
19 21
9 23
6 2
13 10
22 17
30 18
18 8
8 16
25 20
21 15
9 6
32 9
11 16
6 23
31 28
18 26
9 31
27 19
33 1
1 4
31 10
23 30
17 26
2 11
20 33
19 12
14 23
27 7
20 5
9 30
20 32
31 18
7 8
24 18
17 30
29 6
32 2
26 33
6 29
26 14
22 21
13 23
10 20
11 14
5 16
18 25
20 2
24 33
16 20
33 2
1 29
29 29
33 2
7 19
8 26
20 3
21 12
15 29
6 7
1 17
9 3
31 13
1 26
2 2
13 23
8 9
23 13
3 32
20 8
21 6
5 25
25 3
18 19
21 30
5 29
19 9
25 6
29 23
26 33
11 3
21 23
24 9
22 26
30 13
24 3
11 2
14 1
22 8
29 6
20 23
8 2
28 28
26 14
18 12
27 11
33 21
14 9
14 24
29 16
21 14
25 15
10 12
11 30
33 28
16 23
20 29
15 4
30 24
31 33
24 31
31 25
27 20
11 22
30 7
7 32
31 23
16 30
9 31
7 25
14 13
20 4
20 32
20 19
28 16
9 23
31 21
26 2
19 3
10 21
16 4
17 23
18 30
5 12
13 14
6 29
30 21
32 30
4 5
15 29
33 6
4 27
8 15
1 3
8 18
24 16
1 16
17 6
11 10
11 16
25 9
8 25
17 20
20 6
17 12
22 21
29 1
11 4
14 11
4 27
33 21
13 33
3 8
25 33
12 8
2 10
30 23
15 25
14 24
1 17
18 17
26 11
3 20
3 1
32 25
19 4
3 12
17 18
31 2
28 22
29 11
24 13
2 24
21 10
1 19
5 32
27 2
11 20
15 23
2 10
32 6
22 33
2 33
21 2
14 13
5 28
9 21
6 32
7 2
20 32
30 2
8 8
20 14
23 1
30 15
7 16
4 26
20 17
14 2
26 28
4 15
1 5
32 11
20 20
30 9
33 9
23 14
33 17
23 22
3 10
17 6
2 13
28 14
18 22
1 14
14 32
5 11
24 8
25 32
23 21
13 25
16 22
8 1
20 17
20 24
27 3
19 20
12 19
7 31
19 14
24 5
10 28
14 25
13 28
14 11
16 22
18 19
16 27
20 22
17 15
19 11
29 3
17 21
13 33
31 26
21 2
22 22
21 15
15 10
3 22
32 17
13 2
29 23
15 12
28 13
21 4
13 30
12 3
29 17
28 7
14 9
18 19
1 21
3 14
12 14
25 16
17 30
9 19
21 24
23 29
12 17
12 27
17 24
5 28
14 24
23 9
22 15
3 7
8 33
24 25
