36 596
31 2
17 10
26 2
31 7
14 20
2 23
29 33
27 3
14 15
18 36
25 5
35 30
11 21
13 15
1 33
21 19
9 21
25 25
2 23
2 1
29 24
15 28
31 2
11 9
17 7
25 25
22 25
29 22
36 6
17 19
22 23
14 15
32 7
21 11
19 13
10 13
31 5
14 2
30 6
34 26
18 22
11 7
34 2
28 7
29 14
12 22
36 31
25 19
25 29
28 13
7 15
14 13
20 36
30 19
5 17
8 14
21 17
25 8
16 20
24 9
17 27
9 22
26 2
4 22
7 18
27 20
21 2
12 7
9 1
5 13
24 18
1 14
32 7
32 17
16 30
21 32
16 5
19 29
20 19
1 27
2 12
35 22
22 29
14 22
33 31
29 22
3 14
21 12
5 5
6 27
31 4
27 29
3 1
35 34
14 19
17 36
7 36
17 17
13 5
25 18
36 23
23 29
35 20
15 21
32 6
27 4
20 36
17 10
33 19
33 9
21 26
4 28
21 16
16 23
10 33
28 31
22 16
15 14
19 29
8 14
3 3
25 18
27 19
24 29
30 14
21 10
4 31
5 19
24 20
27 14
22 18
17 5
28 19
5 33
23 24
12 1
24 20
14 36
33 36
32 8
34 30
35 29
32 15
14 9
13 15
5 33
11 36
26 20
33 4
36 6
32 2
3 20
7 36
20 18
13 20
9 1
2 12
18 22
16 17
29 6
31 18
7 35
35 18
12 4
14 30
25 25
25 35
8 17
30 12
21 11
23 14
26 2
1 28
31 17
12 30
15 18
14 29
25 22
34 21
35 29
6 1
17 10
34 6
21 14
11 11
21 33
4 20
5 21
36 18
18 34
12 29
4 30
10 7
23 21
11 36
15 3
33 2
6 25
8 28
4 22
13 33
18 7
23 30
16 17
34 17
11 13
33 11
31 28
20 28
36 24
18 32
8 11
27 5
4 2
33 8
2 25
9 16
31 1
16 1
32 34
19 33
14 18
6 19
2 25
31 5
18 23
7 36
21 31
33 25
1 34
16 27
31 7
21 34
35 3
36 17
5 8
3 19
10 26
11 10
3 2
4 18
27 2
15 29
31 12
10 31
23 23
2 16
27 8
16 19
15 29
10 13
14 27
31 23
5 11
21 16
27 33
26 18
36 17
17 7
34 19
26 27
4 26
17 24
1 32
35 36
35 32
22 6
29 27
18 20
17 14
19 32
34 12
33 22
29 17
13 1
30 34
34 11
22 12
12 6
7 27
4 13
3 34
12 27
8 8
12 11
19 12
25 23
16 29
17 21
29 20
36 11
7 31
5 22
33 28
4 27
27 17
22 17
18 36
13 1
36 30
22 19
2 16
8 36
28 14
7 8
14 31
1 22
24 33
3 26
31 25
27 35
22 22
25 9
33 27
20 24
1 25
35 5
12 21
27 24
8 34
26 27
10 7
4 30
15 19
29 12
2 33
23 9
19 30
26 8
29 13
5 7
19 25
35 16
27 25
6 18
10 24
22 21
2 14
10 31
18 15
14 7
36 23
20 22
32 9
8 7
36 4
5 18
21 7
30 9
29 3
10 31
31 10
32 10
18 30
25 35
10 20
34 12
3 14
13 21
11 20
23 21
14 6
11 19
24 13
17 20
12 23
10 3
34 19
23 16
30 29
20 1
10 30
34 6
16 32
18 31
33 29
12 11
13 29
8 7
21 28
8 36
16 36
26 29
17 11
27 20
9 1
20 15
12 1
8 22
34 36
31 3
30 10
30 17
35 27
18 33
26 9
17 5
31 4
26 2
10 22
33 21
36 1
7 13
34 21
15 27
35 14
17 30
30 9
29 22
30 10
11 26
19 19
6 33
11 14
7 13
11 24
20 5
36 9
4 17
21 10
32 14
21 26
23 24
1 36
14 34
24 5
30 25
34 5
2 25
34 35
28 31
30 1
24 20
30 28
35 36
9 28
5 35
1 24
13 36
30 6
11 35
17 12
20 36
5 17
5 28
34 1
34 27
16 30
1 23
25 20
21 16
2 16
13 33
23 25
27 30
23 6
19 34
11 23
36 19
5 10
12 36
32 17
31 30
8 33
28 30
24 16
17 21
20 32
20 5
15 23
18 36
10 18
31 2
13 22
34 7
14 31
30 17
27 19
25 16
24 27
16 12
2 32
8 27
18 17
31 14
21 19
1 19
11 21
21 1
10 9
11 36
32 22
16 36
1 24
8 8
2 5
18 17
24 20
32 1
14 16
29 17
28 1
1 18
12 31
12 11
11 32
14 9
27 22
24 29
4 10
18 22
11 29
21 31
30 5
35 15
34 3
3 29
1 14
29 2
4 4
36 21
28 11
15 11
6 23
32 19
17 14
9 27
27 13
25 35
36 9
5 26
30 24
19 11
16 28
21 6
22 36
2 35
21 23
30 13
35 5
28 3
8 25
25 35
6 35
30 28
34 33
20 2
20 9
7 31
33 17
9 4
31 11
33 8
29 22
24 8
12 33
6 28
9 34
8 17
3 13
13 24
31 10
30 30
35 32
2 16
12 24
26 17
3 17
6 12
1 21
16 8
18 13
4 31
31 20
24 18
11 26
29 7
25 30
19 11
26 24
25 10
8 4
3 8
6 3
19 29
22 33
19 36
12 2
2 19
8 13
20 34
19 5
30 34
30 18
33 28
14 13
