41 654
21 36
3 33
35 34
36 5
4 28
20 2
15 6
29 16
37 32
29 22
13 39
39 11
26 24
9 16
11 38
18 39
25 4
23 10
14 8
15 7
33 23
30 30
27 13
5 12
21 36
34 38
15 6
36 16
22 6
34 33
33 27
4 31
14 17
38 10
15 6
3 16
38 15
7 40
23 10
12 22
40 33
1 36
33 33
26 30
37 41
15 25
31 27
23 30
39 35
31 39
21 5
20 36
13 12
16 25
2 4
26 18
20 30
1 8
41 16
34 20
16 5
15 10
15 17
8 36
28 32
34 40
16 34
36 41
24 15
40 1
15 1
1 10
40 26
7 6
10 31
27 18
19 22
7 11
29 16
41 20
9 23
15 14
21 3
12 13
14 3
20 32
1 31
41 38
24 11
6 12
36 29
3 30
32 3
41 18
6 6
12 18
16 37
37 19
21 25
29 15
28 24
23 19
18 1
16 38
22 31
29 12
28 19
18 13
4 14
13 20
29 29
17 12
36 7
29 22
40 13
21 39
3 7
16 12
28 16
5 40
32 15
34 18
26 14
27 22
10 39
8 5
30 33
2 1
33 8
7 36
11 12
4 35
14 23
23 4
30 18
38 25
10 32
17 15
19 37
27 1
14 35
8 1
25 33
9 21
33 11
3 9
9 11
21 18
17 29
16 34
25 21
12 15
19 27
34 11
25 13
20 27
39 41
38 3
41 16
41 5
33 25
6 11
20 15
40 12
38 23
34 9
16 2
6 30
22 1
20 30
16 17
40 28
6 37
21 11
34 2
34 19
39 17
22 29
26 18
12 12
24 26
13 17
11 40
36 24
3 34
22 31
1 12
24 20
35 26
5 34
38 4
25 36
37 4
13 32
4 7
40 14
22 23
31 36
36 30
22 30
31 37
21 33
23 32
11 11
35 11
26 38
23 13
8 3
16 32
24 12
32 40
40 15
18 18
40 38
8 29
38 9
15 31
13 12
39 4
25 33
36 28
14 5
14 13
37 8
24 10
6 27
12 27
40 38
32 35
9 23
24 15
18 10
23 5
20 18
1 27
40 25
18 1
10 40
11 21
17 28
16 31
4 28
3 8
13 38
1 1
10 41
14 25
32 38
40 4
16 4
4 17
2 24
32 31
11 7
19 3
1 1
22 24
6 12
11 8
33 13
32 39
26 26
41 33
31 35
11 15
39 39
36 19
39 26
18 15
22 24
39 20
1 26
11 35
15 40
11 29
37 12
24 23
13 29
9 38
40 14
3 29
38 32
29 33
6 41
39 18
36 36
15 21
2 12
20 39
33 21
23 19
16 32
37 32
35 2
2 25
15 18
14 26
6 1
18 4
36 22
15 28
33 20
1 8
4 33
40 12
28 38
4 24
12 21
40 14
27 27
13 40
6 36
27 20
30 15
35 8
15 2
27 24
4 33
33 26
6 5
38 35
25 19
31 3
12 32
10 28
20 8
36 18
17 9
23 35
18 8
20 14
16 38
1 9
16 2
31 18
24 32
38 25
13 31
33 8
24 20
20 18
30 7
25 10
3 6
6 36
39 9
10 8
6 21
5 1
11 14
2 34
14 11
14 36
33 34
26 31
19 2
17 4
8 23
7 24
33 25
37 12
8 30
39 12
40 31
13 41
2 33
13 17
6 19
11 40
24 2
12 13
10 28
36 26
37 26
16 34
36 33
30 31
33 24
38 26
40 30
10 6
20 8
36 14
35 2
27 33
6 5
39 33
38 17
13 34
25 16
27 22
18 26
26 23
34 24
21 6
28 16
17 33
22 7
7 21
32 8
4 40
5 2
16 25
40 8
11 1
19 7
16 10
24 19
33 31
10 33
16 7
22 22
8 31
15 7
24 3
37 31
5 39
35 11
4 9
7 24
31 14
24 22
28 9
35 7
10 8
21 9
26 15
40 1
19 28
30 33
12 5
11 12
29 31
3 3
1 36
38 4
36 38
1 33
22 14
24 24
16 41
21 15
36 18
35 12
22 20
40 39
38 12
19 7
19 14
27 30
19 4
40 1
25 8
12 2
32 36
13 41
2 25
34 8
31 7
30 11
34 27
32 39
6 2
36 29
7 4
28 2
18 19
12 18
14 26
25 40
38 34
15 40
34 38
31 8
28 11
24 14
16 16
27 6
7 16
23 25
24 13
33 2
40 17
21 33
11 3
34 17
34 33
7 31
7 21
32 29
33 27
7 3
9 12
27 21
7 2
30 38
26 39
35 36
13 20
33 22
15 20
4 31
39 34
34 35
39 17
31 39
11 14
41 13
13 26
33 37
4 36
25 7
24 27
33 13
34 28
6 26
3 12
25 9
41 6
22 19
41 5
6 32
1 33
24 25
16 3
19 10
6 7
14 38
22 37
28 10
20 20
34 20
13 33
28 40
18 23
20 12
32 4
37 34
30 18
32 40
35 10
20 23
32 35
27 1
23 38
6 34
17 19
1 41
16 32
20 8
41 39
3 41
8 39
37 35
4 21
18 18
6 25
15 21
29 15
10 1
2 12
9 28
14 34
15 21
29 36
25 30
15 16
11 20
37 4
41 41
21 11
39 20
15 26
36 4
17 26
27 3
33 35
13 20
36 12
38 38
4 26
35 39
21 5
6 6
13 35
17 11
28 23
6 34
31 35
3 4
37 18
29 13
33 30
24 20
16 27
13 22
7 3
23 28
20 24
27 2
36 17
17 5
5 27
25 26
8 3
28 11
25 34
26 3
1 36
41 34
17 5
16 6
10 33
24 31
29 39
27 31
32 4
13 36
11 11
26 35
18 28
38 5
14 16
4 16
39 7
10 29
35 28
36 33
14 27
37 25
19 17
32 35
22 33
6 40
25 41
15 25
36 21
27 24
33 19
10 13
28 37
3 30
41 36
24 29
21 33
13 35
21 38
11 26
40 6
23 2
13 16
30 31
12 12
27 14
