75 590
38 50
49 40
59 41
52 56
8 63
10 48
72 3
44 24
32 17
29 12
28 70
67 18
39 12
48 4
1 38
50 61
23 35
49 36
35 12
46 25
26 18
50 70
15 74
6 66
19 30
30 27
20 46
28 53
6 67
27 46
44 71
65 7
32 68
66 50
55 37
36 56
15 50
70 57
50 58
63 18
32 17
41 25
54 1
67 32
52 2
42 54
27 23
23 19
28 2
38 37
50 60
39 35
36 37
20 66
44 18
13 38
11 50
47 55
71 41
31 39
19 47
73 16
37 3
18 51
71 65
14 7
25 41
61 16
4 3
47 13
38 20
51 9
35 37
65 17
26 53
9 23
44 73
41 72
6 40
11 65
61 65
65 40
6 29
11 3
41 67
6 26
33 69
6 64
51 66
67 31
11 9
37 58
43 16
26 35
26 34
67 73
52 8
53 74
43 12
9 46
8 56
65 6
15 20
63 14
1 69
34 62
2 58
4 12
3 19
2 37
16 42
29 37
24 44
75 28
40 49
10 57
32 38
55 67
65 58
8 50
60 25
46 52
14 52
16 70
65 27
16 27
19 56
11 29
43 46
40 34
54 8
26 73
40 75
40 18
12 70
70 24
28 21
56 40
22 68
69 30
10 61
6 52
27 14
45 61
14 37
23 73
55 53
51 2
24 59
31 30
27 32
70 63
5 66
39 32
46 68
2 73
59 22
65 44
8 11
60 35
17 70
49 49
44 68
61 70
65 54
1 58
24 2
60 69
21 50
60 40
75 10
7 31
54 15
22 22
36 62
59 42
23 28
9 7
60 15
24 36
20 59
69 31
15 55
57 8
25 74
57 60
61 8
39 7
12 46
12 6
9 1
19 41
43 67
35 51
34 26
36 38
29 18
16 34
74 48
70 64
52 51
74 11
52 64
45 62
74 18
51 58
7 16
45 31
75 25
64 58
17 19
25 38
36 5
20 61
74 9
22 35
72 30
7 42
20 8
12 33
35 42
27 28
2 37
17 26
25 8
52 53
16 65
58 13
39 9
49 29
12 43
29 34
38 36
21 41
26 8
70 45
51 31
61 64
11 58
11 14
62 20
57 45
12 37
20 54
62 59
13 71
62 53
60 43
68 46
67 69
26 6
41 22
60 49
18 52
6 19
17 75
38 38
68 56
10 32
34 69
34 71
13 18
8 10
41 36
53 38
30 10
20 37
21 50
73 47
58 54
11 23
75 36
24 22
32 68
5 11
31 49
52 22
69 67
30 56
68 44
41 26
57 53
46 64
10 40
40 23
13 41
10 22
71 25
41 48
61 4
9 20
2 32
59 22
16 24
60 57
34 19
5 6
4 68
34 70
72 75
47 19
7 30
18 6
12 9
11 21
75 6
8 58
15 74
2 65
9 75
61 28
60 75
62 8
67 2
27 51
38 48
52 70
69 68
27 23
55 38
35 36
68 47
27 35
35 45
47 43
65 16
37 69
31 62
51 49
73 28
31 3
14 31
69 23
62 11
64 73
28 51
54 21
75 33
64 34
3 73
3 70
73 13
47 69
28 72
15 40
18 68
18 28
10 43
55 66
57 27
44 16
40 22
74 31
75 62
63 19
5 1
44 47
24 8
21 13
43 25
18 29
3 39
9 64
24 68
38 6
45 54
69 18
42 15
48 11
49 30
20 4
26 21
45 36
8 2
7 31
53 3
40 16
70 20
42 2
46 39
50 61
46 4
68 51
46 59
1 39
29 35
55 38
54 57
49 50
55 59
23 51
17 56
69 72
59 70
68 56
38 13
49 49
27 29
5 65
29 72
23 8
41 26
8 36
31 34
14 10
60 27
56 15
33 30
22 72
54 11
65 46
29 48
72 68
54 44
26 55
57 65
7 19
4 1
64 63
62 15
42 35
23 35
49 22
31 28
31 28
8 39
57 59
23 31
2 25
56 13
19 2
3 6
44 63
65 53
17 37
67 6
35 74
50 47
62 31
75 39
24 75
61 48
28 25
6 17
40 56
66 62
74 72
28 45
18 39
23 20
50 64
27 43
28 31
17 45
50 8
47 74
66 24
48 66
7 41
42 19
75 10
54 11
72 52
67 71
46 51
6 45
30 20
65 44
71 35
61 59
66 22
71 44
8 26
73 44
60 67
9 11
72 37
31 36
42 42
27 66
6 5
4 45
72 13
46 23
54 20
48 46
11 69
62 8
70 65
27 67
73 5
71 70
10 30
74 19
27 9
19 44
19 22
27 61
43 29
73 44
27 56
4 23
12 72
34 9
36 23
38 8
35 50
9 65
11 75
4 51
34 1
71 59
46 45
43 67
71 50
50 33
51 25
57 12
34 64
36 29
62 55
46 14
55 57
28 1
58 6
33 64
50 8
42 37
63 68
29 28
26 71
31 37
17 20
43 5
15 64
30 18
69 59
7 1
62 26
32 27
49 19
14 63
28 26
1 8
29 50
67 47
37 43
56 39
60 28
63 21
49 47
36 20
7 65
43 47
27 49
40 49
47 47
58 45
10 1
71 37
3 22
23 71
63 53
61 75
15 9
74 46
4 69
60 43
27 1
70 47
27 10
64 69
31 3
49 2
40 18
68 75
38 28
14 38
6 66
59 49
17 53
66 60
75 39
21 46
73 68
45 62
27 32
27 43
62 72
72 70
