70 572
49 24
50 22
56 36
26 11
62 43
34 24
57 25
36 62
11 14
65 25
34 17
41 1
13 8
6 31
47 14
59 5
69 25
54 51
65 61
66 69
32 31
27 3
69 5
60 47
50 16
3 33
57 12
54 28
23 55
40 45
49 21
1 3
53 57
23 52
66 21
51 14
52 43
5 24
44 2
56 32
11 61
5 34
62 34
10 69
14 3
8 67
61 43
61 8
59 26
13 59
63 21
27 45
36 29
68 56
30 12
4 62
56 18
60 22
19 20
39 60
14 27
8 14
47 60
3 22
43 66
43 64
70 41
48 53
64 63
44 44
41 49
4 65
52 37
50 12
64 16
38 2
56 27
11 59
42 70
16 70
1 27
28 47
41 53
14 45
53 39
58 38
65 45
61 24
35 2
51 62
38 52
4 43
50 44
14 59
23 60
18 70
1 11
10 21
9 13
61 70
27 61
24 61
66 44
18 34
23 7
16 9
21 64
67 60
48 7
57 3
47 64
21 21
42 68
69 46
4 31
61 14
7 45
2 57
60 55
27 27
64 28
44 70
5 18
40 18
33 48
15 54
30 13
23 69
66 42
46 18
8 15
20 4
23 15
64 62
5 64
27 44
1 34
42 22
27 4
59 69
25 32
37 63
48 19
49 3
21 21
44 19
8 19
24 23
45 4
15 19
19 49
52 27
35 20
54 46
23 18
25 7
9 45
52 10
49 27
51 66
9 66
52 30
70 43
35 68
60 47
20 7
9 2
43 37
22 42
5 62
49 17
27 5
19 44
38 50
41 45
1 58
67 67
64 66
51 24
24 70
44 38
40 50
32 55
57 34
42 39
24 57
60 9
44 69
13 49
11 17
61 33
70 51
38 29
8 2
55 28
38 52
64 58
37 32
17 12
66 33
41 17
59 47
40 59
64 46
28 47
20 33
69 68
43 52
34 7
44 11
4 38
56 25
2 59
59 60
42 19
51 13
40 8
39 32
65 44
59 31
20 67
50 18
51 68
52 11
65 33
34 49
29 51
70 38
60 13
23 36
55 43
23 61
6 24
4 43
52 32
43 20
69 54
26 32
49 62
16 37
53 21
24 24
4 61
22 34
69 34
70 21
5 32
40 42
51 49
41 29
12 9
16 67
10 41
2 24
60 55
20 5
11 26
34 53
54 34
53 27
51 31
54 68
63 37
61 70
21 56
57 47
39 42
64 36
53 60
68 63
24 17
22 58
31 60
52 62
37 33
50 38
42 14
2 54
68 31
27 18
40 33
30 56
7 4
2 5
6 42
32 46
3 45
31 19
13 44
54 44
3 43
46 14
30 22
55 42
60 14
36 18
36 29
24 54
29 57
1 69
28 31
50 61
41 56
27 49
44 14
29 22
39 20
67 26
70 28
45 67
37 44
1 33
12 3
26 23
1 2
40 28
3 26
18 29
6 19
45 43
45 45
62 61
7 25
23 23
23 28
7 8
55 65
34 65
3 15
53 60
63 37
25 9
30 17
64 57
23 11
64 56
70 45
18 70
5 18
44 16
19 2
68 43
68 17
50 31
9 30
46 9
45 40
6 40
23 49
10 60
47 26
26 2
43 42
51 62
62 29
52 50
24 22
60 5
4 69
52 14
14 1
22 61
28 13
70 51
38 55
64 47
7 23
44 68
37 44
51 35
10 32
39 7
40 28
50 28
39 33
32 36
53 37
23 9
19 4
64 7
54 69
11 13
35 62
12 1
60 7
57 10
29 1
31 26
36 52
57 20
57 39
19 48
30 41
5 54
34 29
21 5
9 62
12 47
63 55
69 6
64 32
36 11
48 64
48 7
59 24
69 68
40 44
19 66
23 15
35 15
29 10
30 45
56 22
8 47
24 29
46 50
15 33
59 2
50 8
32 32
13 15
60 29
23 63
1 23
9 70
22 34
40 48
45 5
69 58
11 16
12 37
36 68
16 47
30 30
47 43
44 16
26 37
43 9
5 3
10 15
10 18
33 24
42 23
48 38
10 46
3 19
57 48
17 53
38 5
30 8
41 40
41 68
22 28
69 12
51 31
22 53
37 1
8 67
15 42
18 2
44 47
21 23
54 11
45 36
11 33
64 55
2 40
14 44
8 30
43 33
33 63
14 42
48 47
23 35
15 64
14 42
23 24
46 25
55 44
46 4
49 15
18 40
14 49
29 68
70 65
15 16
27 15
1 11
3 32
44 17
49 37
30 35
53 50
69 10
35 39
10 23
32 21
55 39
57 53
16 25
16 49
47 42
64 27
38 31
19 22
19 36
55 51
11 20
67 30
16 1
60 59
21 34
39 27
5 15
37 18
58 49
21 34
13 19
31 38
7 64
70 31
2 13
50 69
35 16
61 62
35 2
62 24
25 28
18 48
48 31
69 14
38 33
62 12
65 33
43 68
66 65
20 70
28 35
63 6
57 18
41 3
16 44
56 12
48 42
67 64
31 14
22 22
46 67
31 42
1 70
4 55
52 22
56 49
34 50
47 36
46 55
38 25
33 9
58 27
62 31
13 50
10 44
41 62
61 3
2 20
7 38
48 49
52 34
64 47
1 20
56 34
42 1
