54 143
10 10
12 39
32 7
26 26
15 15
18 46
14 9
38 44
11 8
15 32
48 31
26 3
51 27
26 42
34 51
38 13
35 9
31 12
17 3
3 49
38 25
36 42
35 27
49 20
45 45
19 41
39 24
49 33
9 42
41 50
9 6
32 45
32 16
26 12
43 27
51 13
28 36
29 53
51 54
41 44
31 5
4 40
16 30
48 43
43 9
31 6
20 53
16 23
9 27
48 34
3 46
51 47
28 5
15 42
33 37
18 24
45 29
16 10
47 13
29 11
12 18
18 50
19 43
53 12
1 21
47 2
52 36
11 21
6 4
15 22
21 39
49 48
25 35
9 45
43 44
50 7
21 5
20 10
40 47
25 46
37 14
19 38
50 32
17 28
39 38
39 46
54 4
12 33
40 1
13 36
5 19
53 48
4 54
38 54
14 20
7 11
12 42
50 40
34 41
7 12
12 48
23 30
21 33
29 29
49 54
15 29
41 7
42 48
6 36
17 8
20 19
1 4
54 12
16 40
50 50
1 30
33 1
31 44
36 23
1 45
14 7
32 8
3 8
35 53
35 41
47 25
54 15
51 1
27 10
26 18
31 28
15 8
11 50
32 33
36 51
31 43
36 4
33 37
32 51
10 15
42 32
8 11
47 8
