84 3287
16 65
58 54
80 27
67 46
32 6
43 69
63 16
15 8
56 8
40 81
7 75
43 14
34 84
83 58
44 81
46 77
60 6
8 66
61 46
43 34
29 72
58 8
76 16
37 28
62 25
65 76
47 5
80 48
29 43
74 44
63 5
73 12
22 39
70 70
9 22
57 76
13 7
3 20
40 58
62 56
77 43
21 3
65 68
81 11
60 45
63 1
19 75
62 1
84 71
31 79
79 38
16 14
32 32
30 51
41 34
14 10
13 47
65 27
65 8
39 19
14 64
69 11
39 76
35 82
40 2
5 55
39 63
71 2
43 47
42 4
42 25
77 35
63 44
22 26
75 60
45 8
35 84
50 60
15 40
78 26
62 17
6 40
34 60
63 11
81 43
25 10
47 47
14 3
34 59
30 18
4 84
61 63
76 22
24 7
48 33
44 65
20 64
63 48
55 14
36 45
74 29
41 11
9 51
71 19
30 39
65 77
51 37
1 54
40 78
84 24
32 62
80 67
68 22
23 49
66 80
66 36
62 44
51 82
3 78
78 65
16 34
25 13
28 39
78 11
27 23
74 23
58 41
24 56
82 32
60 78
71 39
28 16
46 29
34 31
61 12
28 23
83 44
28 12
24 77
24 16
13 81
1 36
83 15
22 12
40 81
12 78
15 3
76 13
61 56
20 46
64 32
73 71
23 46
40 80
6 60
35 27
79 66
31 3
25 83
72 71
36 22
44 31
57 3
68 35
4 36
63 47
47 46
20 35
77 72
11 20
74 8
3 2
36 63
78 60
83 78
60 13
45 26
64 60
54 32
49 54
66 41
16 6
46 83
31 54
31 69
65 32
17 28
39 11
45 79
47 23
1 63
42 70
72 70
60 21
52 1
54 6
55 32
3 39
78 23
56 71
32 78
56 32
74 72
12 49
49 72
82 64
44 39
76 42
4 30
15 74
73 79
29 76
67 29
36 79
22 77
72 72
21 78
7 4
21 53
34 44
52 2
2 11
35 34
33 54
77 65
79 3
1 41
84 66
75 7
55 8
26 74
31 36
56 74
13 68
18 23
33 19
62 82
37 5
59 3
36 16
83 8
50 20
79 20
73 5
62 43
79 39
50 13
61 83
68 62
7 60
82 9
37 32
72 76
57 68
2 74
50 66
11 42
61 21
27 59
82 2
80 45
17 9
79 83
29 29
9 77
1 60
16 20
49 42
1 67
31 26
38 76
7 74
44 32
80 70
69 79
40 35
26 36
57 80
44 63
40 38
52 71
71 9
1 15
74 50
73 72
7 21
43 1
31 38
83 33
62 24
81 80
42 58
31 48
15 42
2 14
38 46
68 21
52 21
4 43
40 58
45 62
21 83
7 36
45 24
46 26
45 57
40 73
78 2
47 38
55 77
64 68
43 69
50 3
5 81
17 20
11 11
36 2
13 54
32 46
66 66
75 6
51 54
46 15
58 22
35 78
76 3
6 72
59 12
16 16
19 58
80 25
67 17
34 47
10 68
29 75
27 15
2 78
33 60
69 49
55 4
34 79
67 39
12 31
14 61
32 9
60 70
14 66
27 64
79 34
37 80
19 26
10 23
37 2
83 69
31 64
49 39
52 46
80 45
31 60
79 81
38 6
32 23
6 28
41 45
72 67
22 22
53 59
15 38
10 13
53 71
67 68
20 47
50 14
11 8
50 44
75 53
76 62
57 55
48 27
79 50
25 21
65 38
55 11
36 4
21 64
26 21
78 72
23 80
14 28
72 78
13 30
6 19
68 81
21 24
57 46
22 77
76 16
78 4
73 82
63 73
60 78
24 10
27 24
16 78
3 63
51 10
65 19
12 81
61 68
54 5
12 6
10 24
75 46
68 8
12 63
82 41
57 64
29 32
62 45
53 29
58 20
83 80
69 23
5 73
48 19
18 58
77 83
82 77
65 24
32 46
7 19
67 12
75 38
46 38
35 47
7 9
49 67
25 73
57 57
32 33
56 69
41 59
45 60
20 79
42 45
30 82
35 9
78 62
23 39
50 56
7 13
78 27
39 75
73 39
50 82
66 76
81 11
65 79
83 45
22 74
47 55
66 48
34 46
77 3
52 39
39 74
1 32
37 25
28 77
7 59
6 69
71 30
48 64
25 25
47 39
37 25
63 18
16 28
71 70
30 16
50 35
63 56
49 59
2 48
69 36
82 29
80 3
11 39
23 69
12 18
9 14
5 14
35 83
27 59
79 40
67 31
73 15
11 18
80 47
71 53
81 25
80 74
57 63
10 42
12 26
55 59
66 69
17 32
25 70
77 83
20 80
46 14
14 6
27 60
53 44
1 50
12 47
71 32
11 6
15 37
63 50
62 56
41 65
7 19
43 82
36 30
61 8
4 75
60 45
67 51
28 49
60 33
31 31
72 65
45 43
52 16
15 13
45 37
3 33
65 3
57 40
25 22
82 9
52 64
31 83
83 25
54 59
79 24
81 13
79 47
44 55
59 1
64 56
79 38
23 18
16 44
77 3
7 17
71 78
36 35
20 37
30 79
10 21
60 45
50 44
75 68
14 18
53 5
30 7
69 32
81 32
36 15
53 24
12 13
57 5
58 34
70 59
30 2
8 39
77 3
39 16
58 46
21 19
50 4
30 29
84 73
61 50
17 26
69 2
54 72
32 14
39 68
26 80
13 8
9 19
31 29
31 7
2 15
61 75
57 46
47 67
26 19
24 24
34 62
67 22
2 69
2 66
83 25
10 48
84 15
28 3
74 61
22 38
48 14
77 37
75 60
1 73
31 20
77 63
64 4
29 32
32 84
33 4
2 49
84 5
6 13
29 11
22 82
53 44
12 35
69 46
21 28
33 13
73 46
48 43
8 46
54 55
72 21
44 6
52 72
47 12
37 32
84 44
78 72
47 70
10 38
53 77
37 76
74 34
26 48
26 43
68 22
51 63
38 3
80 5
52 66
32 68
23 83
62 62
68 43
24 7
17 59
26 27
47 62
68 66
32 13
54 56
60 54
7 46
25 49
56 52
75 7
70 82
37 77
38 12
10 11
64 17
67 10
75 4
21 64
11 26
25 15
72 2
6 12
62 74
10 56
12 36
1 3
37 9
79 56
29 54
49 17
16 20
26 31
84 19
17 45
36 37
53 69
21 80
48 63
40 7
81 77
12 24
70 42
30 43
53 35
14 10
45 11
31 38
11 78
69 44
5 24
18 64
54 23
64 6
31 18
70 26
54 40
1 38
70 16
4 84
10 6
81 54
17 10
22 20
33 75
71 32
43 3
2 78
51 21
77 81
83 75
55 22
69 25
38 82
48 26
51 26
32 21
38 46
11 54
51 37
42 75
77 63
76 37
27 76
55 7
37 53
40 73
19 56
9 81
55 29
62 82
31 42
1 24
54 27
21 28
36 54
32 36
48 61
71 70
33 77
83 1
42 9
14 76
15 28
32 70
25 23
42 70
17 66
42 79
76 56
76 22
5 82
29 63
35 44
58 26
56 18
63 68
75 50
16 44
70 45
80 69
19 51
29 20
32 46
47 7
24 30
12 18
36 51
35 45
78 39
63 45
25 27
71 78
53 59
52 69
56 32
42 55
5 22
46 22
52 38
47 82
79 49
1 51
79 1
26 29
57 20
31 79
55 71
18 56
30 1
24 47
74 44
22 55
60 31
35 50
6 13
80 45
72 48
38 60
26 57
24 30
77 44
50 52
47 59
73 63
5 27
29 30
75 46
67 72
39 43
2 70
33 67
8 57
3 52
36 35
63 31
72 42
5 34
64 29
27 74
41 73
10 59
54 35
47 25
30 80
14 9
48 1
42 29
28 52
20 44
67 11
72 10
81 32
18 2
68 44
61 73
80 15
34 26
73 48
23 78
12 42
82 78
5 3
83 27
64 52
52 73
27 20
68 83
28 11
70 66
76 38
4 71
70 46
20 58
72 30
70 49
31 34
57 82
41 16
54 12
60 27
42 71
56 42
4 33
53 69
59 7
74 76
69 41
81 69
36 19
32 22
48 57
11 47
18 32
72 76
78 45
15 27
7 49
42 61
43 57
32 1
21 60
51 32
15 63
59 7
83 68
77 78
5 71
50 43
26 36
73 83
48 41
19 51
46 31
48 9
49 63
12 7
22 55
3 16
42 40
58 38
64 26
19 24
34 66
54 33
71 56
45 77
59 1
78 7
79 70
23 50
22 34
30 3
64 72
69 14
67 1
32 53
51 1
49 51
18 59
21 82
20 54
32 78
7 32
5 22
26 62
7 84
51 54
34 49
51 68
71 4
41 41
9 72
13 11
49 62
38 49
25 68
25 38
18 10
77 7
51 42
48 74
40 43
31 72
60 82
53 71
47 77
28 61
23 31
25 23
49 43
41 69
47 24
35 81
47 5
43 66
22 46
68 43
69 23
71 36
48 36
48 52
54 69
44 28
1 62
27 11
74 33
27 6
70 10
21 54
10 8
80 36
68 82
43 76
20 9
37 9
2 60
19 4
48 40
74 19
58 37
16 48
64 28
8 77
68 2
80 70
21 9
49 74
78 14
75 42
15 23
11 40
37 18
7 14
77 14
45 49
23 64
78 57
27 12
49 26
83 21
18 9
38 74
28 31
20 3
18 5
55 79
49 72
66 11
75 23
80 79
74 67
80 19
40 67
70 25
81 40
12 69
81 30
6 61
44 36
18 23
40 32
64 83
50 18
13 13
75 51
83 43
8 21
65 46
67 17
26 79
80 48
51 36
64 46
28 64
61 40
32 11
3 51
58 69
34 6
34 78
67 69
40 30
43 50
45 74
33 68
55 74
35 9
72 28
40 72
50 61
12 44
9 56
57 72
20 56
73 79
53 49
68 61
36 44
7 67
25 81
33 15
81 50
1 76
18 47
44 69
82 14
40 23
79 52
45 52
27 27
7 46
33 5
33 32
10 69
1 75
58 49
11 52
4 36
46 48
7 84
52 68
45 6
57 10
72 40
28 42
80 32
73 82
68 80
59 74
48 53
8 11
62 60
52 4
59 14
39 26
57 83
5 62
43 25
20 21
33 13
5 32
68 6
23 27
28 29
4 46
64 17
56 78
73 40
79 13
64 33
42 34
17 47
34 39
56 23
80 27
45 46
32 10
46 25
55 67
58 36
30 81
67 35
10 1
73 39
4 23
69 38
82 11
59 50
75 6
4 32
29 77
38 82
6 77
81 61
11 4
37 61
77 71
33 57
60 84
28 79
84 21
51 19
32 14
22 39
80 84
42 24
8 82
10 67
61 25
48 50
2 62
19 40
47 3
46 25
69 6
56 79
34 16
54 34
82 30
80 46
50 60
75 59
40 55
58 64
7 53
84 76
9 62
42 69
46 69
82 17
38 27
39 11
30 3
29 17
27 56
63 39
24 71
67 69
1 24
74 29
44 61
49 35
62 16
43 28
25 22
24 80
77 13
1 67
37 23
21 70
28 11
28 71
75 36
6 50
4 16
54 78
51 47
71 39
56 19
62 49
1 78
17 65
9 9
48 10
34 28
67 72
43 24
51 84
45 32
24 54
71 83
73 10
40 16
2 81
76 40
35 40
21 44
30 66
23 82
51 70
65 81
17 59
54 46
28 67
12 79
76 30
45 58
5 64
71 75
45 63
4 38
70 69
73 77
20 38
82 58
13 31
31 7
60 39
1 70
18 60
60 56
43 48
43 25
8 5
61 18
45 30
23 82
2 13
26 8
18 25
42 33
35 71
23 61
55 76
34 72
78 20
84 15
33 18
47 83
39 82
41 73
22 59
69 11
8 42
30 26
75 27
31 20
37 79
21 16
84 46
83 67
76 21
4 21
10 38
4 5
66 7
7 53
56 61
55 10
16 62
20 70
26 16
38 79
27 27
37 75
73 33
36 80
52 41
8 82
74 30
50 30
44 72
72 58
75 63
20 26
10 27
57 41
84 28
34 1
68 7
32 51
27 33
51 74
58 14
28 33
73 76
38 31
3 18
51 7
74 15
8 16
78 47
71 79
9 71
79 39
2 12
5 3
18 6
14 14
26 38
5 83
30 26
15 28
65 79
44 33
51 64
56 60
35 13
29 15
57 50
34 24
59 84
72 20
50 44
81 56
75 84
79 24
38 59
65 24
75 33
16 19
68 77
43 53
30 76
7 38
71 75
54 65
48 77
70 42
2 60
38 42
54 24
24 11
13 7
57 39
65 58
61 30
30 12
53 24
31 74
46 79
57 3
63 25
32 77
2 12
39 20
23 71
67 33
62 28
39 70
78 51
47 52
66 66
76 16
54 68
18 18
57 23
1 67
30 37
57 42
37 63
41 25
63 9
38 13
32 12
23 8
68 17
20 45
12 54
20 57
35 70
43 32
60 25
76 57
42 21
17 3
5 10
64 80
47 1
47 75
75 71
43 73
12 32
82 63
25 34
68 83
35 6
54 64
40 62
10 83
63 40
26 35
48 18
80 68
66 14
25 3
1 80
5 53
81 10
63 5
8 43
25 6
31 27
26 30
4 62
34 56
10 30
46 48
1 10
37 12
4 57
37 13
33 12
38 52
11 59
28 75
65 61
83 46
58 65
52 74
24 56
46 19
62 28
14 53
1 23
58 2
17 61
83 1
68 18
42 78
55 52
68 49
5 3
38 76
4 53
16 56
5 72
8 82
55 2
61 62
23 13
8 13
70 51
59 60
40 35
69 79
11 44
73 83
3 42
6 6
37 23
10 73
74 16
53 72
5 4
25 55
23 39
79 77
54 75
33 28
12 79
78 16
38 25
9 49
40 41
78 65
58 46
61 27
71 29
69 49
49 32
12 64
74 6
43 29
5 28
44 18
4 9
22 47
5 72
41 71
18 37
35 50
46 3
11 19
20 34
79 37
30 13
35 21
27 13
8 31
56 66
2 75
61 57
37 70
74 48
29 57
67 2
61 39
57 82
30 82
70 53
41 40
81 53
18 71
18 73
57 22
70 42
21 17
22 41
51 27
4 54
29 51
3 11
64 26
68 34
43 14
4 30
61 42
40 33
41 12
55 65
39 22
7 52
54 70
11 38
8 12
27 77
1 13
40 68
60 49
38 63
46 45
35 22
4 75
21 8
11 25
19 34
23 16
32 63
72 20
17 75
28 80
76 83
52 16
52 23
48 30
15 54
30 9
18 5
38 51
20 58
18 7
81 59
14 42
24 44
13 29
75 1
22 14
34 72
52 46
75 9
14 60
32 67
69 72
69 66
27 54
52 5
36 12
26 57
7 45
59 63
67 80
77 43
11 8
65 61
31 45
75 61
32 3
48 17
53 21
40 54
55 25
17 51
46 65
4 48
61 9
6 35
11 40
47 7
83 41
50 74
2 27
54 1
3 46
75 81
47 64
36 72
37 66
27 64
31 67
49 55
75 59
12 76
21 83
42 65
66 65
56 82
56 54
67 77
70 23
69 38
27 8
56 9
50 2
30 81
33 77
57 47
26 69
1 51
33 20
66 51
39 20
35 50
47 77
11 62
27 65
31 13
33 83
48 84
10 42
51 25
18 30
30 11
42 17
50 8
39 67
1 82
76 54
44 57
57 31
12 60
24 32
65 61
32 72
61 42
69 36
34 49
44 16
22 24
15 49
69 18
50 72
9 24
79 51
30 24
7 74
65 34
14 1
5 11
58 55
38 66
35 54
57 9
45 82
57 21
64 27
24 70
51 11
45 29
13 35
37 70
41 69
7 52
33 34
37 35
69 81
31 2
51 75
78 12
70 24
73 11
59 26
7 23
39 20
5 1
34 2
77 56
3 48
80 28
41 76
44 76
82 28
49 55
10 27
80 23
46 2
68 62
26 33
45 66
79 36
10 22
21 81
31 42
20 79
43 43
66 43
46 79
48 65
39 43
48 1
84 21
7 84
77 45
10 78
34 83
70 53
27 39
16 58
58 3
82 46
16 52
35 8
8 27
61 84
13 30
25 47
53 11
55 54
77 53
15 84
14 41
63 36
72 6
65 6
35 48
79 53
24 1
69 81
13 57
55 38
75 15
77 32
11 81
23 8
15 81
60 31
38 32
21 10
34 52
33 70
17 8
60 12
82 42
81 28
13 16
40 37
42 19
63 32
78 82
15 10
23 70
83 39
49 49
13 49
68 80
36 36
36 8
69 71
34 64
12 71
5 73
10 47
21 82
13 35
15 58
15 16
29 63
70 40
79 48
55 55
66 7
14 70
68 11
61 3
61 7
21 12
4 32
49 38
1 3
37 69
13 79
34 43
2 25
42 14
61 68
39 46
13 28
74 79
42 6
74 50
70 42
19 25
10 8
63 28
52 6
64 67
72 34
58 81
17 31
71 14
30 66
56 36
16 76
58 2
13 72
54 37
69 50
9 16
20 65
51 83
77 17
21 75
45 26
73 8
31 78
53 46
66 54
67 80
63 34
64 21
57 47
22 77
39 74
64 36
21 41
60 5
65 45
6 70
79 68
56 18
38 22
67 23
34 11
5 41
7 59
17 43
59 48
2 80
67 11
72 25
5 29
83 65
58 33
13 52
30 27
70 17
52 58
11 82
84 57
48 21
75 59
69 16
82 37
6 52
37 44
13 47
25 52
76 15
35 30
48 18
27 49
77 51
57 75
23 77
71 53
44 3
7 37
59 52
82 74
41 8
9 10
26 70
76 67
15 63
40 3
5 2
73 22
47 78
67 40
68 74
40 59
75 15
35 25
65 51
36 66
37 63
32 17
84 50
22 61
31 81
42 42
48 38
48 43
26 81
48 50
25 63
9 42
63 1
72 61
53 53
39 22
60 19
9 40
52 59
15 8
69 61
56 67
67 13
29 32
52 44
12 28
28 54
21 19
6 25
53 46
8 10
79 42
31 19
45 52
68 73
76 16
2 63
62 19
48 78
43 32
62 71
1 79
31 66
73 73
54 51
71 43
74 82
64 13
17 75
30 44
72 40
24 11
15 39
56 18
33 7
2 80
11 13
77 7
60 58
43 69
20 12
48 70
50 58
47 59
8 7
66 29
14 41
20 38
67 1
83 43
84 31
82 75
5 4
43 31
53 72
77 63
55 74
50 51
58 56
23 9
54 39
25 30
84 58
38 64
77 82
59 71
66 58
16 10
50 8
32 56
42 35
35 26
57 30
21 39
72 77
25 27
53 27
78 8
56 48
84 74
68 76
14 29
18 20
59 61
83 23
71 13
45 83
64 30
68 77
71 66
29 18
44 56
55 47
17 27
12 16
30 67
37 77
14 18
66 13
8 15
28 42
44 7
60 12
4 13
53 41
58 55
57 65
24 33
16 68
2 54
53 28
18 69
76 67
2 74
56 5
37 64
49 25
59 69
21 2
83 68
56 64
6 79
84 60
13 17
66 32
65 33
18 42
10 16
21 16
31 76
29 36
84 29
61 60
65 16
2 37
54 82
25 8
1 69
45 74
28 69
67 44
3 58
77 77
62 53
16 18
31 8
69 26
69 58
54 60
65 71
4 73
31 12
79 51
73 54
54 50
44 29
49 61
20 78
36 24
20 64
64 55
52 35
32 43
14 78
2 71
12 75
18 47
25 29
76 75
30 13
29 6
49 64
50 37
82 60
64 33
30 56
51 22
6 13
1 44
73 26
78 27
64 48
30 33
45 47
34 34
62 83
51 5
16 38
67 66
23 78
61 23
11 30
39 18
11 37
70 39
74 14
65 10
79 21
14 80
5 6
62 23
59 8
40 7
4 1
47 46
50 52
79 78
4 25
5 29
70 80
61 21
11 17
29 66
37 47
31 49
4 15
72 30
24 47
83 28
57 14
80 7
8 67
9 2
16 82
80 46
36 33
51 31
38 19
12 62
32 13
49 6
11 54
79 3
18 69
77 64
64 60
80 60
84 83
73 67
59 81
50 81
58 61
32 4
31 21
64 77
34 4
28 17
45 10
81 50
15 29
3 67
40 73
52 16
26 47
61 21
53 25
45 54
65 80
55 15
84 39
51 77
51 39
20 25
62 56
68 63
74 64
7 69
53 65
72 9
10 35
18 4
15 2
18 21
25 33
30 38
39 20
6 25
37 59
60 21
54 35
37 2
80 1
70 58
7 5
44 46
25 45
48 45
4 25
69 15
28 53
75 84
71 5
40 81
66 16
1 79
74 68
48 71
63 9
63 11
59 29
27 43
74 66
26 74
33 62
66 50
40 15
83 76
17 65
3 61
13 65
55 58
9 31
5 75
6 39
44 26
8 28
11 44
41 61
58 56
64 80
25 19
56 76
14 64
23 21
5 1
15 23
58 42
60 59
43 84
1 24
51 24
83 18
46 77
19 60
78 28
15 56
33 35
21 83
72 83
16 53
47 73
19 61
38 19
33 76
43 23
21 40
33 74
3 9
13 54
39 31
15 12
14 81
31 40
78 41
40 49
45 28
65 22
81 44
6 33
34 84
57 69
61 50
22 22
44 46
40 32
5 63
41 66
40 80
7 83
15 73
23 18
24 58
51 46
45 7
43 84
27 20
49 20
81 63
42 58
22 80
14 33
46 64
75 56
48 17
45 61
48 64
58 34
76 36
84 78
32 7
69 76
10 19
39 74
74 22
32 65
34 13
33 66
37 61
39 8
17 15
57 57
22 2
62 14
17 46
74 27
49 19
80 61
37 43
75 66
71 28
9 6
35 17
59 16
10 3
11 77
40 55
26 78
72 38
58 28
52 3
83 27
53 56
72 47
3 4
8 67
52 49
58 47
41 21
21 9
22 25
48 54
7 48
17 70
23 33
49 29
68 84
20 83
14 50
25 31
25 67
23 11
37 72
25 19
81 45
35 51
76 32
62 49
10 14
14 68
5 2
38 26
81 8
16 40
62 28
78 63
10 7
56 5
3 81
70 38
66 56
29 28
40 15
17 49
15 51
57 68
84 6
22 21
68 76
49 29
5 47
52 77
62 22
39 25
33 13
19 40
36 31
2 82
6 71
68 22
4 41
46 26
44 8
81 43
16 8
81 65
17 6
79 67
62 77
52 31
8 52
38 9
36 45
44 36
83 72
5 76
24 52
13 74
27 9
19 33
73 67
66 82
64 54
31 11
16 82
10 35
15 5
13 9
25 15
77 66
14 69
42 47
52 61
77 20
51 13
84 62
48 14
50 39
82 54
39 7
63 21
78 25
82 81
18 36
35 64
6 31
72 27
44 72
22 76
35 32
4 43
71 29
67 44
62 48
13 27
61 77
36 10
4 49
33 27
21 30
6 41
74 45
56 29
59 21
8 44
75 38
56 67
45 20
29 50
41 45
27 13
35 20
45 55
4 39
61 16
68 16
59 26
3 3
74 4
18 51
10 74
45 58
1 43
46 46
39 75
17 2
71 71
2 28
5 55
70 72
53 72
50 44
29 74
35 53
82 51
39 70
79 69
64 65
82 44
46 75
67 44
4 35
42 30
54 29
12 72
13 30
37 62
78 15
25 22
52 43
9 63
60 27
59 2
50 13
80 1
69 55
48 48
7 76
43 65
46 15
55 79
39 26
42 34
29 70
46 57
20 58
58 72
82 8
50 44
13 3
66 4
71 66
14 28
42 17
50 29
72 2
57 19
34 49
7 65
15 83
20 40
63 56
45 9
37 7
69 40
38 12
68 5
83 8
66 32
21 78
79 45
54 26
70 80
35 1
48 67
64 56
19 38
67 82
3 30
16 55
35 41
45 82
54 61
38 81
63 23
19 12
79 82
77 55
23 56
5 68
70 55
27 52
44 12
54 48
79 69
5 3
28 76
9 75
33 72
36 45
2 82
42 73
61 43
49 53
31 73
50 13
24 66
1 22
70 54
70 11
49 7
10 13
65 45
20 54
52 25
17 36
65 36
56 43
62 21
46 48
10 47
24 55
62 64
83 68
17 11
37 1
33 55
8 40
28 31
52 74
39 28
64 27
78 6
58 28
57 20
51 17
73 63
48 64
33 24
14 77
2 75
76 36
64 26
67 20
84 51
78 61
15 19
3 20
45 19
15 38
2 3
49 14
31 61
46 43
76 26
61 17
24 43
18 15
73 11
3 29
42 44
74 30
71 44
16 9
28 44
61 23
37 7
9 68
76 64
22 72
35 3
43 72
19 55
45 49
81 24
28 39
48 51
4 17
55 3
80 32
21 73
2 13
7 19
65 80
8 52
68 15
30 59
31 62
52 14
3 68
31 9
33 78
69 44
71 50
32 53
19 27
75 5
40 11
55 40
17 29
8 7
19 56
70 73
6 31
70 25
41 67
67 8
63 62
78 26
81 57
29 33
60 68
19 41
49 73
21 73
79 18
39 82
36 11
18 14
40 3
41 16
83 10
53 10
70 31
14 69
52 10
82 48
21 45
44 36
62 63
13 67
33 57
10 56
24 16
23 45
13 66
45 38
25 64
46 82
6 37
21 50
25 17
40 62
36 61
58 39
22 72
44 66
76 33
47 39
48 7
35 83
65 5
55 51
18 71
57 77
74 72
27 73
12 11
34 42
66 31
74 29
39 78
50 49
68 65
57 67
15 49
32 72
75 26
70 48
44 67
63 10
36 33
5 29
36 50
44 61
71 5
78 3
39 25
13 1
37 79
53 41
52 36
22 51
77 34
27 29
69 2
54 19
78 38
30 79
26 3
31 42
10 18
64 48
31 15
43 17
71 54
21 45
46 69
59 65
33 14
13 9
66 33
72 64
61 13
62 39
75 51
61 74
81 70
8 25
35 37
35 38
21 18
64 78
50 73
57 17
52 80
36 29
79 56
21 50
57 28
6 32
9 12
77 37
58 57
81 70
35 31
70 7
61 79
54 81
20 14
60 75
73 70
80 52
63 11
19 77
2 37
61 74
13 12
40 66
54 7
55 58
42 29
38 81
25 50
84 17
76 6
66 9
38 43
82 59
56 59
44 72
51 55
27 54
58 65
56 49
81 21
14 74
34 16
17 67
70 65
29 19
81 44
9 17
37 30
73 46
80 22
35 76
33 69
25 28
54 81
84 79
75 69
63 33
13 34
39 46
23 49
53 82
57 39
53 59
11 61
77 32
4 14
41 56
28 49
2 83
71 27
48 76
32 36
13 36
24 29
15 50
34 74
12 43
26 9
40 32
28 19
39 38
4 37
65 77
84 10
74 64
78 83
57 79
47 15
48 46
46 71
57 14
81 33
59 82
17 61
24 20
20 44
30 31
24 73
83 54
21 24
9 82
47 1
30 41
25 68
61 28
65 42
49 79
61 24
45 74
21 3
20 26
63 48
6 71
55 84
80 84
63 67
72 6
38 4
71 26
54 81
47 46
27 65
24 60
14 53
27 63
52 39
69 82
56 47
20 60
35 80
2 39
5 79
34 63
82 26
81 33
14 76
54 19
70 39
13 30
4 78
20 35
25 21
5 66
68 65
22 12
30 44
7 38
56 48
48 2
56 83
67 58
77 35
74 43
48 34
36 4
63 49
60 71
19 21
35 31
75 54
55 27
45 20
39 70
12 50
65 75
77 49
9 50
38 16
52 72
14 69
45 19
62 45
67 30
19 79
48 48
53 82
56 70
63 28
73 42
73 17
49 53
11 45
80 45
38 45
59 71
67 80
33 23
34 57
82 2
21 51
78 51
54 46
55 21
66 64
33 43
19 38
8 53
34 83
63 22
41 25
36 11
69 39
32 83
3 19
80 59
76 13
20 48
37 48
55 43
28 8
59 20
33 11
3 54
16 59
42 42
3 16
42 50
34 62
20 12
77 26
22 74
74 18
54 84
48 13
5 40
23 44
64 10
56 62
37 37
39 6
41 32
56 58
73 52
51 81
35 1
28 54
30 51
73 8
65 39
37 74
63 50
77 4
83 77
20 17
42 81
40 22
65 9
63 47
25 18
44 73
28 63
15 75
54 77
38 57
44 72
25 13
84 6
2 32
32 28
9 38
35 47
3 1
33 8
42 67
59 4
25 4
32 69
63 77
46 21
5 59
47 12
55 84
45 47
4 64
12 51
39 3
27 39
32 1
14 70
23 58
42 65
61 55
69 80
80 68
24 78
6 40
63 50
57 22
40 71
21 29
18 71
17 78
6 40
19 20
15 27
31 24
55 30
66 39
78 75
66 81
22 57
84 6
27 39
33 30
44 78
15 65
62 48
12 10
73 10
35 69
84 34
65 41
36 54
22 10
76 55
5 42
32 25
5 19
23 34
12 26
45 1
8 38
29 30
25 14
27 43
66 11
49 24
59 58
47 6
78 77
65 40
48 36
4 83
47 38
51 12
66 13
8 24
13 38
9 83
21 28
48 52
82 40
47 16
3 1
16 5
41 65
60 69
13 28
4 79
51 59
16 53
39 19
16 34
45 51
53 46
79 35
1 80
68 79
53 75
66 40
5 12
53 17
49 19
42 36
47 36
37 62
81 80
3 60
81 4
34 20
70 9
82 15
61 80
63 80
15 76
80 37
8 11
72 44
45 37
12 62
34 19
80 19
47 46
29 40
32 5
62 56
6 8
73 64
80 35
21 79
82 24
21 14
76 9
56 76
15 32
67 76
44 7
26 14
81 74
22 19
43 58
42 57
12 1
13 30
62 83
80 80
13 3
49 45
38 22
47 68
43 23
66 8
49 73
25 47
47 49
38 13
9 6
66 70
44 53
38 37
16 84
17 55
44 48
39 20
9 75
2 68
10 43
63 48
41 84
82 62
17 42
49 10
23 62
22 19
59 70
84 38
1 52
24 36
76 16
53 42
41 48
8 68
70 44
76 70
57 45
81 11
20 78
27 71
43 26
61 72
84 76
19 47
37 20
45 23
3 58
