66 1462
46 55
19 10
36 9
22 3
2 29
16 44
11 14
43 8
24 63
11 5
60 35
56 63
45 9
36 15
6 65
13 30
41 22
53 56
11 29
3 5
12 47
28 24
56 57
30 23
23 48
60 10
1 4
34 1
20 30
2 38
34 20
3 15
19 58
57 60
15 17
28 24
30 7
12 23
34 49
9 14
14 26
11 45
55 51
33 35
23 6
60 60
57 64
66 23
59 5
11 30
45 10
7 4
29 62
2 35
40 59
41 31
9 42
28 60
30 25
21 27
40 39
16 27
30 60
15 64
34 40
31 52
16 27
32 51
43 7
6 26
20 44
53 46
14 39
48 12
42 54
20 59
57 39
44 27
54 23
47 11
16 10
42 55
18 43
22 61
39 63
2 40
65 39
18 27
30 66
15 65
25 19
7 43
22 49
60 56
11 15
50 54
5 61
40 43
26 45
13 58
48 27
8 61
48 37
1 31
57 37
41 30
59 51
16 48
45 45
49 58
31 51
66 20
34 43
57 30
23 10
1 59
28 56
11 21
21 11
55 43
25 31
47 26
36 1
33 2
36 38
38 16
22 66
26 55
64 35
66 38
13 60
65 4
4 47
8 55
17 52
56 9
63 32
59 11
64 2
37 61
32 41
57 19
7 11
16 2
53 56
10 35
7 6
12 60
61 30
63 45
47 6
2 32
58 57
5 59
62 5
57 38
4 33
8 39
54 19
44 23
26 56
39 27
65 41
35 26
19 66
50 47
39 64
11 8
34 26
54 49
31 47
49 43
15 61
31 21
47 11
7 16
32 21
41 34
62 10
13 18
22 22
11 27
31 39
22 27
5 56
48 36
51 16
53 7
29 9
6 51
17 24
23 29
21 36
10 49
19 42
17 50
51 63
59 29
44 60
66 3
54 2
63 52
51 47
2 57
38 58
48 59
5 14
65 10
39 23
10 42
2 52
38 61
45 56
17 35
11 10
29 12
27 18
20 40
36 65
14 43
33 26
18 19
3 52
31 62
31 37
10 27
60 3
23 16
43 2
11 9
47 16
49 21
62 25
38 50
30 43
63 12
65 64
8 14
13 62
35 14
2 1
19 23
22 45
41 39
46 36
37 19
10 63
54 22
1 47
49 8
66 6
13 66
53 28
18 66
54 53
52 58
55 36
53 32
26 11
16 47
52 29
31 45
10 53
29 2
9 43
49 50
60 27
47 38
9 1
21 12
58 19
10 43
57 5
62 60
30 52
60 18
25 52
2 44
33 35
45 8
53 39
14 56
7 3
8 14
43 6
27 61
33 34
23 9
40 64
5 23
3 37
9 52
22 11
62 46
47 45
30 8
61 58
50 48
48 42
22 12
31 66
52 1
5 58
64 58
62 42
44 48
58 19
16 45
32 11
63 60
2 4
66 36
27 31
7 22
7 7
7 4
41 38
17 26
13 42
60 18
50 31
15 5
28 35
61 53
41 59
62 37
24 16
57 46
7 51
7 53
19 44
35 60
43 14
14 8
7 44
59 41
57 63
55 36
18 8
12 54
34 32
54 36
55 36
31 24
52 49
40 23
33 18
1 40
3 51
40 63
20 49
33 7
1 33
14 66
52 43
54 24
22 5
7 58
51 5
1 11
46 23
8 26
45 11
21 30
11 12
35 13
31 52
40 21
63 5
38 55
34 65
32 59
47 55
59 19
15 13
4 40
37 2
9 28
66 54
65 9
29 54
5 60
33 39
60 47
24 47
18 47
15 50
14 22
51 29
23 4
28 3
32 9
66 53
54 9
19 34
28 15
45 41
63 13
62 44
64 10
22 57
45 20
22 55
18 61
39 5
13 43
53 65
65 3
42 45
56 21
40 17
23 46
43 39
63 56
8 16
9 61
66 4
57 36
33 59
21 22
43 62
51 11
66 14
40 2
35 11
1 30
13 22
56 60
41 42
29 51
35 62
9 40
23 20
54 28
7 23
21 7
27 17
65 24
58 42
47 44
45 20
43 7
35 53
17 39
16 16
54 4
55 66
32 53
59 12
16 7
13 26
4 46
19 51
52 7
63 30
64 63
5 43
15 65
51 65
56 25
45 62
10 25
32 2
2 24
5 16
21 59
35 31
11 29
42 15
50 63
1 9
28 17
41 17
15 66
20 32
39 22
66 46
33 6
4 57
30 11
52 3
24 49
6 53
40 36
20 26
1 2
34 58
61 55
11 49
17 43
42 9
58 56
19 37
4 45
23 41
51 59
58 46
50 47
35 26
43 10
4 37
17 9
7 12
9 21
5 13
64 6
7 37
27 50
2 38
5 18
59 9
21 42
41 20
31 35
48 31
27 49
7 1
54 16
8 21
35 50
6 48
10 39
43 10
14 48
12 52
23 10
25 6
18 24
54 66
1 37
49 37
54 47
44 39
35 62
43 18
32 7
65 62
5 8
31 35
9 57
41 18
22 45
50 57
8 64
42 60
1 53
59 29
41 23
53 7
57 27
31 57
10 10
58 35
12 47
61 42
56 44
49 41
32 28
7 41
12 16
18 45
45 28
9 44
30 23
12 60
21 4
3 42
33 9
31 42
29 9
7 42
23 31
55 62
24 6
18 54
42 54
20 33
17 44
12 35
47 19
53 57
1 60
35 58
57 42
54 62
59 12
19 33
34 6
12 56
42 31
51 41
60 48
54 3
40 66
59 43
9 39
42 23
41 38
54 14
57 45
32 9
14 59
32 60
64 10
32 65
65 37
55 34
57 29
22 35
44 31
56 21
22 8
11 17
60 55
33 63
1 41
29 27
6 59
26 24
14 44
62 64
17 31
27 16
7 51
21 10
27 51
25 12
12 40
52 33
14 43
22 16
37 15
9 35
22 62
59 38
37 42
42 1
52 29
40 19
39 62
13 11
30 51
31 8
60 14
55 32
29 5
53 63
44 47
1 47
20 32
5 39
11 23
13 52
3 22
18 26
8 5
56 20
28 30
53 50
8 28
40 44
6 55
9 46
18 6
57 48
30 3
51 44
34 1
40 64
38 48
63 42
23 10
40 56
7 29
53 33
10 11
26 66
15 16
13 63
44 54
4 55
21 57
64 22
59 50
59 52
31 52
59 51
12 5
50 3
51 33
6 2
17 50
58 30
1 22
6 55
32 15
55 53
33 17
25 61
30 4
31 32
27 20
2 24
59 42
36 14
24 4
29 18
30 23
49 1
44 48
41 20
8 37
26 31
12 47
60 32
9 55
15 51
45 48
34 15
42 33
10 45
20 43
26 62
43 38
5 46
66 12
18 38
25 28
28 42
41 54
11 24
15 55
2 61
10 44
14 65
51 15
48 49
12 64
44 1
2 58
64 66
58 43
49 9
23 23
2 43
11 26
33 42
23 17
42 15
46 56
13 32
42 17
57 17
39 23
44 47
9 9
31 64
20 9
65 12
29 14
21 24
16 52
27 47
31 41
21 31
21 11
12 21
51 31
8 38
53 50
34 35
20 38
33 10
17 23
37 49
61 20
51 8
22 38
41 46
55 60
20 62
9 7
43 27
7 6
66 39
2 21
2 49
47 59
2 7
61 9
21 7
25 54
58 54
3 62
6 66
37 31
46 65
50 55
19 25
57 16
63 43
45 18
19 59
28 5
29 61
30 32
50 52
14 54
7 23
65 13
59 19
3 66
43 30
31 44
28 44
11 29
25 47
46 1
64 50
50 6
3 45
41 32
7 5
44 18
21 8
60 19
60 32
6 11
14 44
4 66
13 63
25 5
45 11
39 6
36 61
24 48
10 35
54 61
52 37
19 2
57 4
8 23
44 51
15 62
26 33
27 63
53 45
48 32
42 62
29 44
42 46
17 48
33 4
29 43
62 5
32 22
1 42
1 7
26 9
62 49
11 56
34 48
18 6
20 54
34 1
64 37
38 45
51 10
19 61
65 50
24 46
65 55
3 52
5 32
2 20
59 25
64 41
60 44
51 9
31 46
38 55
26 49
28 49
37 33
42 20
6 59
8 53
22 34
43 33
20 30
49 17
47 2
10 47
15 53
12 5
28 36
31 25
4 52
61 66
7 11
13 22
58 26
29 35
26 23
63 15
23 15
58 17
18 49
3 39
43 16
40 59
49 49
21 44
57 30
2 23
47 61
65 15
40 46
50 18
59 39
39 35
59 6
31 22
54 2
29 10
31 53
54 28
18 4
15 13
21 39
59 29
34 27
34 12
6 29
13 11
56 64
7 59
16 66
18 17
24 14
37 27
4 24
20 43
14 41
46 34
32 17
25 45
66 47
50 29
15 22
42 44
9 4
1 59
48 3
52 40
22 37
8 53
56 1
53 61
7 64
50 10
34 5
3 20
31 15
8 47
35 17
8 63
62 23
19 35
20 62
42 12
60 13
49 23
57 30
12 54
52 33
54 44
7 25
9 47
35 55
31 17
66 50
58 31
52 13
22 60
64 39
13 39
43 45
1 5
12 35
3 43
31 4
53 43
6 39
10 43
41 16
10 56
53 66
27 65
33 25
3 40
22 63
36 44
59 25
32 64
65 14
47 34
8 56
1 12
54 18
49 8
36 3
60 19
10 51
53 29
18 1
47 47
36 16
29 36
57 42
10 39
36 9
45 23
8 63
52 58
19 12
18 23
60 18
31 56
55 34
32 7
41 10
42 24
23 47
56 7
5 11
66 33
11 4
11 47
7 23
25 24
33 45
22 56
9 54
1 22
13 21
32 66
56 17
2 45
38 21
32 31
57 34
59 17
49 60
39 37
7 62
65 17
5 49
13 61
1 31
13 7
47 61
5 28
42 40
40 53
43 8
12 39
28 46
47 64
19 13
38 3
59 64
19 16
15 35
24 39
7 59
38 66
60 44
49 28
63 29
31 27
2 21
4 41
18 40
51 15
23 43
61 5
10 7
23 65
13 55
66 13
56 10
14 25
23 40
44 53
9 56
16 45
19 52
59 2
46 63
54 44
39 36
47 26
25 25
51 43
56 37
33 53
1 48
6 7
17 55
12 42
53 23
61 51
3 2
12 1
28 28
6 26
47 60
7 30
56 50
39 31
8 20
30 49
41 64
43 39
59 11
27 20
63 53
4 62
35 43
39 3
60 37
50 5
66 20
37 64
13 4
15 8
33 16
43 10
9 38
19 17
36 3
40 58
57 31
5 58
35 65
36 25
31 53
63 59
23 33
15 63
28 33
11 25
4 17
7 26
18 15
25 32
45 66
18 19
12 3
24 56
61 58
42 34
17 30
15 33
49 59
28 10
19 46
17 63
33 19
1 6
5 27
13 16
50 52
40 43
55 38
19 7
11 62
44 15
18 50
9 42
9 33
13 8
27 43
21 43
1 66
17 45
29 37
2 66
25 48
32 25
42 34
44 60
18 55
43 5
51 19
9 63
14 33
52 8
50 50
11 15
64 11
32 54
6 63
37 46
12 22
1 10
45 13
17 2
58 29
52 56
62 5
14 49
9 13
44 15
6 51
35 32
14 43
65 30
6 21
64 55
24 48
31 59
62 55
50 54
41 47
65 7
13 66
47 14
43 37
30 50
35 60
5 46
16 4
50 18
18 48
24 28
18 44
58 23
9 4
24 3
52 51
24 47
55 22
66 9
9 11
34 55
66 48
31 51
40 37
36 17
58 41
22 30
18 6
30 63
27 27
12 6
14 25
16 15
66 49
24 19
33 17
27 17
16 42
54 64
29 32
16 43
60 60
58 66
22 3
6 64
9 48
19 19
23 29
10 38
39 19
3 62
49 14
26 46
26 2
11 46
63 53
66 61
17 54
32 6
66 47
26 59
41 22
47 65
43 1
53 55
28 29
18 62
28 2
61 2
53 41
32 53
60 8
9 57
5 33
6 19
57 29
44 66
27 60
60 4
48 17
41 29
5 1
46 4
16 58
44 58
52 3
52 13
13 47
43 35
25 33
4 11
43 14
63 54
28 2
57 30
46 33
50 35
65 51
28 13
27 37
34 47
58 54
62 17
50 31
21 10
3 16
51 56
8 8
64 43
26 10
27 3
19 47
36 39
60 53
66 11
16 33
2 45
32 56
22 29
7 26
36 57
47 36
30 27
9 63
9 5
27 8
29 17
57 33
65 16
28 9
30 22
9 52
31 15
55 61
51 44
21 13
66 62
26 7
58 1
7 39
5 27
22 46
13 37
18 40
23 32
62 12
18 7
35 8
22 39
65 49
1 25
8 44
32 33
60 3
50 17
4 38
41 50
26 1
63 58
32 28
37 3
47 47
22 58
2 25
19 49
22 59
53 35
48 20
38 27
61 23
48 24
38 5
53 66
12 38
61 47
3 31
20 60
53 30
36 36
14 4
48 28
5 55
54 43
66 43
1 52
60 57
24 30
23 61
23 48
34 21
47 4
38 61
59 56
8 62
15 38
54 53
16 11
18 60
10 12
54 65
16 1
13 26
50 49
4 38
48 24
40 3
31 60
18 38
26 59
24 11
12 59
40 57
40 47
19 61
62 13
45 45
27 17
60 7
27 28
6 9
37 37
36 62
49 20
29 59
38 20
41 63
8 64
62 46
22 9
53 30
11 12
45 48
27 29
34 2
50 49
20 24
