68 464
66 22
67 45
59 29
59 41
66 24
27 49
9 65
43 51
2 35
43 40
48 36
19 60
62 11
46 11
9 39
37 27
54 3
37 32
53 32
3 59
36 32
19 51
47 60
12 31
35 49
43 51
5 10
65 53
48 28
65 19
27 2
29 56
40 67
44 67
47 7
42 58
23 21
11 50
42 18
33 14
56 25
51 51
2 24
34 63
62 55
47 28
42 67
29 23
12 19
9 16
29 18
11 41
35 47
6 59
51 25
43 32
39 49
30 21
34 10
5 46
54 39
25 3
66 27
2 29
4 25
67 42
39 53
2 53
63 19
13 26
58 10
64 64
53 48
9 4
35 56
14 33
22 20
18 12
5 4
63 62
26 30
2 11
36 60
31 46
5 55
2 38
22 65
55 31
38 50
62 66
23 46
58 48
6 18
42 26
62 59
16 33
48 19
62 24
41 23
31 62
43 17
3 44
45 55
29 40
33 47
44 43
39 4
55 5
4 41
18 38
36 57
6 58
36 66
52 32
2 46
37 64
46 27
40 11
49 6
56 20
36 19
19 12
23 30
64 1
34 37
65 51
44 16
24 67
59 33
59 8
23 57
41 26
42 11
63 24
55 68
51 35
57 30
24 37
47 24
46 27
50 2
20 57
10 54
46 53
12 14
24 31
32 13
64 9
67 51
50 67
19 23
59 12
49 4
14 41
30 7
11 53
42 56
29 62
6 13
49 23
5 3
53 30
44 4
49 48
60 9
5 27
8 9
30 15
12 9
10 44
34 49
58 59
27 63
42 4
3 15
44 38
32 31
64 33
36 59
68 68
38 40
22 33
28 8
62 57
22 41
2 48
61 32
27 50
28 3
62 31
47 35
51 45
54 42
13 19
64 63
41 68
34 67
67 48
41 66
15 6
27 53
56 3
16 30
47 22
35 33
66 32
12 24
59 54
23 11
54 40
8 2
17 41
49 12
7 4
32 18
12 17
22 35
12 1
27 5
9 22
42 59
41 10
67 16
54 17
15 16
61 18
32 30
28 54
30 66
55 11
65 48
41 43
4 28
36 55
37 43
26 3
10 55
67 7
52 34
11 15
38 44
14 10
55 10
20 48
12 9
62 67
44 12
58 27
1 37
6 60
4 42
24 36
59 7
41 40
38 62
19 16
63 47
31 23
27 29
3 31
54 53
4 40
12 22
20 14
57 28
5 54
54 33
17 58
53 21
17 7
59 68
28 39
3 17
18 38
34 41
44 2
29 58
42 59
34 22
61 24
36 11
22 6
56 60
52 20
16 35
58 20
13 32
37 53
22 55
46 2
65 1
43 2
37 44
58 68
67 60
56 32
29 49
32 14
34 14
34 11
47 15
5 43
41 2
30 26
56 27
4 65
51 53
45 38
66 64
62 66
17 24
46 67
9 10
7 66
47 29
2 59
15 48
32 66
23 47
60 8
45 38
15 27
22 61
1 7
60 28
42 14
16 34
1 44
32 29
44 2
17 60
32 47
68 42
18 64
2 5
18 46
56 28
63 42
16 21
68 68
30 61
41 55
14 51
8 16
50 64
5 12
34 64
65 19
46 28
43 27
44 25
61 38
39 46
52 67
51 5
20 58
37 4
39 6
53 9
20 34
39 42
32 15
23 59
24 65
9 64
24 4
19 28
47 53
48 50
3 52
61 29
67 16
13 67
48 42
63 9
32 7
50 15
41 13
32 6
21 38
40 33
16 2
48 28
50 14
20 10
67 41
26 33
37 51
58 44
9 40
42 60
32 10
33 43
63 58
17 13
24 37
28 12
63 17
35 11
50 49
42 40
45 58
16 46
28 7
68 65
61 55
34 9
52 36
18 38
6 28
21 44
62 52
29 39
38 43
4 27
1 24
24 54
47 10
49 10
42 7
46 4
44 41
21 63
65 17
54 21
6 56
34 8
62 67
63 59
28 30
50 58
65 5
32 27
47 65
15 35
34 32
14 12
67 59
25 8
18 28
16 42
68 29
10 15
20 7
14 40
25 54
19 14
61 8
7 27
21 12
40 59
41 9
6 33
20 3
68 3
40 10
10 66
47 28
46 55
1 68
10 66
26 68
1 41
42 42
