28 170
3 27
1 24
18 7
23 7
10 1
12 11
1 18
2 5
23 8
26 14
8 17
22 14
14 12
17 22
15 15
6 19
19 13
25 8
21 2
12 9
22 16
2 18
15 9
2 28
13 23
13 10
14 11
11 26
21 5
23 13
28 18
6 16
12 15
2 1
11 21
3 9
18 25
5 3
26 2
28 1
12 21
13 6
9 13
13 12
27 23
6 6
17 11
20 20
19 12
2 6
22 16
18 14
17 28
11 2
20 14
8 14
28 11
8 5
19 24
28 18
25 12
8 5
23 28
1 27
11 25
14 18
13 28
10 17
24 28
22 3
11 5
20 10
9 9
15 9
24 19
3 18
6 21
3 6
9 22
5 26
8 17
2 7
13 13
3 24
18 13
27 14
23 14
10 8
8 18
2 1
6 11
24 11
19 9
4 13
20 4
12 11
7 25
18 12
16 14
25 8
3 20
22 12
6 5
16 10
16 3
4 21
19 28
13 5
14 18
7 18
11 8
14 15
27 25
10 17
5 20
20 25
19 1
7 3
2 12
20 15
18 19
11 13
14 1
19 27
9 28
20 2
2 6
2 26
12 20
13 10
12 2
15 28
11 7
18 20
14 4
3 15
1 15
13 5
16 26
22 3
8 24
26 27
1 3
18 21
26 27
24 19
10 21
23 15
6 23
18 23
7 8
28 10
13 23
27 9
8 13
25 4
6 18
10 26
1 23
16 2
22 5
23 12
2 17
8 20
12 21
16 17
28 26
21 8
2 14
21 6
