64 1806
61 41
63 8
48 3
12 47
27 18
26 34
24 63
39 36
7 24
54 38
18 43
44 55
54 20
58 53
62 19
60 7
18 33
33 14
49 5
13 24
59 34
59 23
50 19
39 18
1 57
43 27
62 20
40 1
44 17
39 6
4 35
64 20
53 21
59 43
41 31
54 30
10 55
6 63
4 41
33 24
13 42
60 27
35 42
48 28
21 40
34 62
5 10
35 43
44 45
21 9
31 58
16 41
16 58
4 1
23 43
31 28
51 19
49 16
11 20
13 49
58 1
51 4
11 48
45 54
1 16
55 14
27 61
34 33
21 18
58 5
50 63
39 7
57 27
17 33
62 59
8 38
34 3
34 64
29 60
38 28
59 39
40 36
37 17
54 46
34 40
51 51
30 13
2 2
41 42
38 53
2 6
39 37
22 22
55 26
4 23
21 5
35 25
50 50
6 30
18 56
62 35
54 51
33 62
56 52
10 41
54 54
33 30
50 20
29 36
57 58
7 40
3 25
64 15
27 32
5 11
63 39
50 44
10 45
5 57
16 4
37 64
10 11
35 42
51 29
63 18
49 8
46 24
56 1
26 49
44 21
43 1
5 35
5 43
56 9
17 39
20 28
1 22
42 28
14 19
48 39
4 11
39 44
1 14
60 35
58 38
44 59
62 39
44 20
63 7
8 47
14 48
10 35
38 20
29 17
44 1
50 25
53 53
35 14
9 51
23 40
39 22
37 57
8 38
60 35
40 41
2 7
3 59
59 64
28 33
45 18
4 27
1 29
25 56
45 23
13 46
16 56
41 42
29 55
17 37
60 54
9 56
45 58
56 49
47 29
44 38
32 7
31 9
37 26
57 61
12 45
21 40
48 60
8 10
30 29
31 13
53 54
41 29
19 46
54 57
46 33
29 11
63 24
4 53
38 56
27 44
10 57
42 9
64 26
13 29
46 20
60 5
48 12
16 63
58 12
3 60
63 52
56 55
18 45
59 4
11 31
9 44
45 36
19 56
5 60
63 12
21 2
48 54
50 30
7 7
43 61
42 34
43 62
4 18
33 46
12 33
30 55
11 38
62 20
24 30
10 8
38 62
29 16
1 8
6 22
21 29
46 39
48 18
59 39
9 5
51 4
64 50
37 40
39 1
4 51
2 34
22 40
11 28
12 38
57 34
51 27
2 40
11 52
31 52
52 24
15 56
18 21
30 31
41 26
39 38
9 40
24 45
48 3
53 14
44 45
32 45
64 20
23 16
9 11
62 49
33 55
31 18
4 11
47 17
49 54
18 60
19 26
34 38
33 1
44 59
3 11
60 16
54 43
27 63
49 19
21 49
9 45
64 60
18 12
57 48
7 34
49 44
44 51
41 54
49 9
57 11
26 42
23 52
29 7
22 26
11 54
45 27
51 35
58 30
4 2
6 35
49 7
11 30
26 26
51 5
40 5
35 40
56 48
56 1
61 16
17 12
31 27
13 24
40 63
22 30
33 19
30 19
56 14
40 57
37 55
11 58
13 28
50 55
39 7
40 30
29 46
18 58
53 42
61 16
48 42
27 39
51 41
7 39
36 29
17 38
23 50
54 62
42 54
47 35
45 22
46 51
6 9
36 15
20 11
6 42
19 13
17 31
64 43
11 8
61 30
12 12
54 51
62 56
5 59
33 17
19 5
18 41
1 9
12 49
6 38
47 14
25 15
64 47
17 1
50 29
10 56
36 20
12 34
42 17
39 20
16 44
33 60
28 40
20 22
20 9
17 35
64 37
9 23
49 62
46 18
2 15
21 18
30 37
31 39
2 48
24 39
5 26
31 34
21 23
7 25
3 62
62 42
2 23
44 15
43 53
30 8
5 6
36 22
4 40
55 42
15 62
32 29
6 3
21 33
4 31
36 56
33 56
21 36
60 11
10 30
55 59
43 10
2 41
64 43
29 4
30 20
24 35
6 31
30 17
10 32
49 39
49 28
55 33
29 55
54 42
43 44
28 57
27 1
2 32
49 57
49 34
27 11
38 6
19 19
18 41
7 8
37 24
56 46
12 30
32 12
56 27
23 33
34 22
55 19
12 21
63 40
9 42
53 56
63 15
15 34
44 53
20 63
39 26
63 20
41 26
36 12
11 7
21 37
17 59
7 41
40 45
49 32
44 3
53 4
45 39
2 53
51 29
57 46
63 20
15 56
20 59
50 29
54 21
47 32
50 16
19 43
30 19
16 9
34 22
35 21
56 54
52 51
47 9
62 61
54 47
47 64
23 41
18 41
2 46
43 58
12 60
34 1
55 45
36 11
52 10
7 21
38 35
45 3
41 32
42 21
19 18
41 22
58 13
11 22
54 58
18 27
39 40
62 20
58 35
53 14
41 8
40 42
1 23
52 15
40 10
6 28
30 37
3 33
3 15
39 14
26 32
44 43
12 59
45 10
48 30
11 59
9 55
16 62
16 58
18 62
52 48
26 60
32 18
6 9
60 22
44 56
54 9
64 19
2 30
56 13
31 6
45 56
29 64
5 56
28 51
15 56
22 58
46 27
32 63
58 53
44 11
35 60
19 28
24 57
17 56
39 3
17 2
37 46
44 11
16 64
44 42
51 36
21 15
10 35
38 20
39 15
28 21
20 2
56 2
58 7
2 50
1 22
14 59
57 6
62 63
57 62
8 8
5 44
57 24
53 58
58 58
20 62
19 29
7 49
45 34
47 35
28 52
16 45
28 24
50 38
27 5
7 26
56 53
15 55
11 60
57 10
37 25
11 42
25 11
3 51
59 37
62 55
39 37
26 47
5 2
24 56
12 4
4 60
5 24
23 46
18 36
28 58
46 24
18 59
54 6
18 47
41 51
49 41
44 46
40 6
17 32
50 34
24 37
54 12
54 26
38 55
22 55
39 50
30 31
50 26
51 54
58 14
63 51
15 35
50 54
2 25
6 27
10 14
8 15
38 50
20 34
4 59
32 30
34 26
59 24
51 45
23 4
4 54
6 14
31 12
1 38
47 16
46 27
38 35
35 43
28 22
38 25
56 34
54 1
20 26
16 41
28 29
43 24
55 16
5 43
42 11
33 37
57 19
16 7
15 9
49 32
31 32
52 39
12 21
35 7
6 26
34 58
55 19
53 25
29 4
4 51
56 10
27 28
38 10
53 7
13 40
58 23
57 57
6 51
6 58
44 25
1 2
59 52
10 53
63 48
60 59
11 13
16 48
54 50
63 29
36 5
39 40
7 56
48 7
37 37
47 58
27 30
11 58
34 62
30 44
17 4
30 27
35 34
60 37
59 16
12 53
37 38
39 49
31 42
13 52
24 39
15 62
55 63
44 42
31 1
59 33
49 62
9 14
19 25
2 17
48 30
21 56
64 21
19 43
10 22
24 38
39 30
46 45
8 35
46 58
59 37
40 59
41 6
5 58
36 27
43 29
31 3
33 15
62 56
52 62
17 35
25 7
27 53
19 46
23 51
24 19
61 17
47 33
1 3
28 9
28 16
63 47
16 40
58 34
38 55
18 18
59 58
24 61
58 18
8 43
43 22
49 27
45 46
22 61
63 30
20 34
6 31
6 48
10 52
38 26
1 59
53 15
16 2
28 50
15 29
19 11
12 53
2 60
19 35
38 54
45 62
55 44
39 49
8 8
21 16
46 29
21 44
36 30
24 36
46 13
31 63
61 54
3 56
19 28
56 25
39 52
18 11
11 17
9 45
12 32
57 35
26 21
45 49
40 37
28 8
22 54
52 31
14 19
23 6
43 37
35 56
33 31
55 47
25 56
51 60
27 30
62 22
49 41
14 51
9 13
36 21
28 21
21 39
13 12
16 8
20 61
29 39
27 31
35 16
40 9
45 5
61 44
45 17
61 64
2 25
15 63
54 52
7 18
11 60
4 8
55 37
20 14
45 14
31 28
30 22
2 44
64 49
58 48
14 59
4 4
16 12
2 34
28 12
33 21
29 8
57 48
19 6
52 63
27 22
51 62
49 42
45 9
51 40
25 20
39 60
15 28
64 51
42 29
29 6
48 6
19 51
53 42
44 19
60 56
47 39
32 45
34 52
50 8
14 17
36 62
2 62
38 48
26 55
14 26
1 9
61 13
53 37
64 31
11 51
52 33
50 40
46 17
59 27
25 17
25 20
33 24
38 38
16 40
39 64
55 64
17 62
16 18
12 5
33 55
54 14
36 34
43 2
36 18
4 8
42 12
29 26
25 9
28 31
23 44
47 53
45 55
20 12
49 61
31 59
34 27
56 13
19 35
35 28
12 25
4 34
45 34
34 11
20 57
43 15
1 36
56 62
56 38
19 29
39 55
54 48
9 49
22 24
10 12
32 31
44 12
3 18
41 57
46 15
26 16
27 30
23 56
12 4
32 55
20 22
59 38
26 12
31 34
26 22
17 5
44 51
13 21
9 63
39 59
11 12
50 54
52 53
33 16
50 47
44 17
33 33
54 52
18 54
44 23
11 48
48 54
15 63
55 26
31 18
47 14
64 45
38 19
63 60
39 20
51 39
38 28
2 38
29 7
38 23
56 55
49 13
47 8
15 43
49 5
12 50
9 28
21 24
60 15
3 26
48 45
21 19
20 1
61 12
59 9
31 22
10 41
21 22
21 33
54 33
5 61
24 9
61 11
19 54
61 18
8 56
6 1
34 27
62 38
28 60
23 32
4 28
44 23
62 51
43 42
11 6
57 41
12 60
18 5
1 46
48 4
23 61
47 58
34 40
46 52
39 30
56 54
29 16
36 40
52 11
57 12
23 5
22 51
46 53
17 49
40 40
31 14
55 18
52 62
28 34
43 19
36 25
39 50
51 27
59 4
64 6
7 45
33 4
36 2
9 28
3 54
14 14
16 22
48 30
29 55
24 48
60 44
29 21
44 60
12 37
57 19
41 14
29 55
49 43
43 62
34 24
45 62
61 5
12 6
11 10
49 11
30 58
42 37
25 59
15 60
51 21
37 60
55 8
2 17
15 35
50 15
3 18
26 48
61 56
27 4
15 62
58 36
55 42
61 40
33 51
24 26
45 19
8 42
51 31
64 34
4 20
3 29
51 50
17 52
20 13
5 58
4 33
62 41
42 38
61 27
60 36
14 62
4 9
43 2
36 57
29 20
23 37
36 16
59 31
25 50
12 44
18 14
51 27
6 2
63 22
49 40
50 55
58 16
63 29
20 45
18 62
34 14
17 62
30 16
33 1
59 18
45 62
9 42
35 22
26 22
62 35
35 54
11 19
36 56
38 55
12 19
5 23
23 56
57 9
57 5
48 1
63 61
61 43
52 53
28 55
1 15
48 53
25 44
16 33
20 30
2 64
26 28
6 44
3 58
23 43
60 24
45 7
45 25
6 26
25 23
38 41
5 20
29 51
28 52
8 9
18 42
26 31
8 49
28 36
47 60
51 15
49 47
34 58
12 15
15 52
64 55
10 18
44 14
11 5
52 53
59 50
37 5
55 61
28 56
16 39
36 38
22 27
30 52
22 3
38 8
33 32
51 63
15 26
63 35
4 20
40 23
50 4
23 21
31 2
31 27
41 31
40 32
7 55
12 13
17 10
1 42
3 7
57 22
62 42
6 60
15 8
2 2
52 40
46 3
28 21
25 64
47 49
3 18
14 12
3 36
28 54
38 30
61 17
25 36
29 42
9 1
53 9
8 30
9 6
51 56
54 31
18 17
42 8
63 37
52 2
11 31
62 47
29 13
23 37
28 18
54 1
15 26
60 61
3 19
58 5
45 27
51 7
17 52
35 10
35 63
64 64
43 40
63 30
46 30
26 43
10 6
17 23
34 48
47 15
59 10
14 14
38 19
29 54
32 19
33 31
54 10
58 47
44 38
40 43
32 56
13 12
43 41
52 22
8 41
19 37
56 41
13 9
36 10
59 19
5 21
44 48
1 44
42 54
22 64
64 61
60 5
57 48
6 35
41 36
10 47
50 40
1 25
64 29
49 39
22 7
9 34
13 37
12 15
25 62
49 32
15 61
10 44
36 62
37 29
56 41
48 40
19 63
32 3
46 50
19 18
53 58
51 34
11 37
30 25
15 47
5 45
29 18
18 21
24 31
14 61
39 14
1 62
62 18
27 13
31 49
18 50
32 19
13 61
46 25
1 52
18 48
26 15
51 37
28 40
29 59
10 45
64 58
7 24
60 11
59 33
27 2
56 49
31 59
29 27
63 40
59 7
44 41
55 46
24 29
47 13
57 57
33 19
11 23
8 29
20 16
7 37
43 12
11 54
59 25
45 36
5 59
21 57
36 3
37 50
21 35
21 44
54 1
26 25
14 10
13 55
14 9
9 3
22 56
21 42
59 22
3 64
8 57
23 52
2 38
44 4
49 31
20 45
27 60
63 38
19 61
30 13
51 31
7 34
37 45
28 51
40 25
39 23
16 11
9 31
15 57
20 10
52 56
53 56
49 18
22 33
33 24
2 7
9 57
11 41
31 20
41 58
8 11
35 17
38 25
51 34
18 37
37 45
38 23
64 53
63 42
40 52
1 2
3 13
27 1
27 2
12 21
3 39
38 19
62 23
17 10
28 37
20 17
38 21
16 35
60 13
13 45
61 6
57 36
39 7
46 28
63 20
52 23
52 35
7 27
63 15
26 7
13 16
27 38
32 43
57 5
51 38
36 2
29 63
20 38
55 29
12 52
1 7
32 2
2 20
53 8
47 35
8 55
14 11
49 12
27 21
41 36
43 41
11 18
15 7
23 47
59 56
60 49
40 3
23 63
54 35
55 4
22 57
35 3
39 63
30 42
31 61
41 41
45 63
10 4
28 6
12 39
59 62
7 59
59 48
33 54
24 57
21 55
60 59
51 18
32 18
40 40
52 9
64 60
1 14
41 1
12 36
58 56
62 24
51 56
3 54
7 14
48 60
23 8
40 15
1 13
64 45
25 48
33 35
54 4
46 64
49 49
39 9
41 7
14 46
11 19
8 61
16 48
5 22
6 32
35 31
20 27
16 57
56 39
47 50
20 41
62 60
41 59
53 30
34 63
49 41
20 50
17 46
4 4
33 46
42 39
54 18
52 38
24 28
14 56
39 30
33 21
55 41
25 8
62 9
44 5
48 47
24 62
40 47
44 49
10 44
9 4
38 16
42 19
32 64
34 9
14 15
37 45
34 49
10 63
9 51
15 4
19 42
30 30
19 41
14 31
9 55
45 31
62 1
61 12
48 11
60 2
47 44
41 28
7 59
3 9
31 5
20 34
33 1
46 58
27 5
53 55
38 57
29 33
5 13
53 57
15 39
37 12
17 31
51 8
46 47
12 13
8 37
2 7
36 27
17 60
8 41
38 33
40 25
34 50
2 28
27 1
7 59
35 15
59 16
14 25
30 53
46 52
12 61
33 28
34 34
14 10
34 63
43 4
25 63
3 57
62 22
54 13
30 47
1 50
54 37
63 56
33 53
48 38
51 51
58 9
36 61
45 12
49 46
11 9
63 19
8 31
1 35
14 5
29 42
4 29
10 7
16 13
61 23
26 10
4 49
19 53
50 20
55 43
60 29
15 23
35 62
57 11
19 43
43 16
12 22
54 58
63 30
8 63
59 3
53 8
8 30
55 9
19 15
51 14
12 54
61 23
13 38
31 38
60 22
22 22
50 26
30 46
29 18
47 54
34 34
8 10
7 34
43 44
17 22
41 31
41 32
31 49
4 52
1 24
3 13
22 64
24 30
4 36
43 12
14 28
60 26
27 53
9 37
57 7
50 17
33 3
27 3
61 12
18 16
39 8
50 54
52 54
7 10
49 2
50 50
44 22
15 20
55 52
22 14
40 2
63 40
36 36
42 7
29 16
61 35
26 30
15 59
55 31
5 7
44 48
58 46
18 15
37 57
34 45
53 7
64 4
64 3
57 42
29 20
9 39
14 19
33 4
35 2
39 36
26 59
61 23
11 38
6 45
4 47
38 8
48 56
10 53
61 10
41 61
61 18
9 54
13 10
4 31
53 53
12 44
16 15
45 31
45 4
18 24
52 32
11 46
13 7
13 62
61 38
59 3
18 41
35 40
2 46
12 26
15 58
47 32
46 43
3 47
39 46
61 57
63 50
24 7
21 29
18 7
10 61
55 39
36 1
33 34
53 41
