34 337
5 15
6 19
9 34
29 1
9 11
6 29
6 3
8 13
24 7
14 12
15 20
21 14
15 23
24 12
29 33
23 34
8 29
32 20
18 7
25 24
6 28
13 16
17 6
32 8
3 27
14 1
18 2
5 15
19 22
10 33
21 12
11 27
33 21
3 3
13 29
20 12
13 7
3 32
10 28
19 9
14 23
30 27
30 29
10 5
30 20
20 11
2 4
5 3
24 23
26 23
23 31
13 12
26 11
30 13
14 18
23 21
15 19
34 15
17 21
6 25
14 8
18 3
26 27
26 23
5 9
13 31
26 23
23 30
16 22
18 30
13 4
34 14
28 7
24 20
18 24
22 14
27 13
31 27
24 29
8 6
20 7
7 22
32 1
24 17
28 29
25 28
7 24
23 12
16 33
17 9
22 4
3 4
30 33
32 14
5 24
17 29
4 3
15 24
15 13
31 13
14 7
5 27
12 9
33 6
24 33
4 19
7 27
3 33
29 21
32 6
27 6
6 28
8 11
3 12
16 15
9 4
24 28
30 12
33 6
27 5
22 13
12 9
1 21
23 8
6 11
23 26
26 1
8 10
24 13
16 30
24 18
8 11
16 11
6 3
7 3
15 17
18 33
15 24
22 22
23 8
15 21
9 5
32 7
28 30
24 9
28 5
27 14
4 3
11 22
8 29
22 27
6 30
30 10
10 22
17 13
31 25
27 29
20 1
30 29
24 27
13 12
28 31
3 1
24 26
8 1
11 24
4 16
27 3
11 22
22 30
30 6
11 34
25 31
33 11
21 25
20 4
21 32
25 16
30 8
3 22
10 19
6 23
21 26
4 10
13 16
15 22
21 15
16 2
13 9
28 15
23 29
20 10
8 34
17 26
31 13
28 4
26 26
3 3
12 17
26 24
10 17
18 9
29 30
28 22
13 13
19 20
34 29
12 6
25 27
33 22
8 8
9 32
33 3
4 33
10 23
19 16
25 15
11 25
23 17
17 27
9 30
15 32
34 3
12 6
24 11
30 20
7 21
28 33
32 34
4 30
11 16
24 3
31 6
26 9
31 30
2 25
28 28
12 4
10 19
20 3
8 16
20 2
9 15
7 23
34 10
32 20
19 34
2 14
24 27
20 22
1 5
14 22
27 30
13 1
34 25
32 19
21 29
13 12
25 32
16 8
32 33
17 28
2 19
21 14
32 15
1 4
34 17
3 21
14 11
33 2
22 34
2 23
21 23
9 5
9 12
33 2
10 33
21 4
29 30
1 24
22 14
1 12
26 12
30 26
27 29
16 12
25 22
13 3
23 34
7 16
19 28
20 33
16 6
2 25
24 19
21 34
30 25
6 20
7 28
12 4
30 22
31 34
34 23
10 11
1 29
9 24
15 30
21 8
32 30
34 15
27 8
10 21
28 16
17 19
23 15
1 28
6 1
31 31
5 25
28 15
17 12
17 14
34 2
2 4
25 28
13 23
1 29
7 33
24 27
3 33
7 5
12 21
11 23
19 15
18 32
29 10
8 23
