65 1799
26 63
28 50
3 64
9 9
32 12
44 48
27 43
59 18
26 16
44 31
16 16
23 25
50 28
60 61
57 40
4 23
43 40
27 31
46 22
12 18
57 64
12 1
25 64
60 7
21 11
4 1
52 18
23 30
35 50
32 22
28 40
10 46
46 39
2 4
15 32
59 22
60 37
20 37
2 55
27 35
14 6
32 53
24 54
4 58
12 29
34 4
11 64
47 2
30 38
9 19
52 20
25 59
36 15
2 25
56 19
40 2
21 41
27 46
42 23
51 8
42 22
58 54
11 50
31 38
51 13
55 6
20 1
17 40
6 48
46 4
53 10
21 1
57 4
63 27
51 18
31 39
45 15
53 15
29 29
33 52
10 20
39 46
30 58
5 42
40 54
61 61
60 3
31 46
55 13
20 2
57 30
10 16
2 29
33 25
47 42
59 38
56 7
55 35
23 41
62 43
17 39
29 8
18 16
14 53
47 10
3 57
34 43
26 61
57 22
3 25
11 28
30 50
51 2
50 25
14 61
1 39
41 23
27 48
47 61
48 2
1 17
52 45
5 30
29 14
30 53
1 7
13 55
50 39
57 39
12 2
3 15
57 57
18 50
60 10
49 47
1 45
49 57
45 4
5 4
30 31
26 42
54 3
41 26
62 38
35 62
40 57
15 43
60 37
21 37
56 63
49 15
38 60
55 2
59 23
26 31
11 32
32 21
51 20
10 56
14 39
3 2
39 14
13 62
36 39
41 8
44 21
40 1
2 42
65 32
61 36
40 30
23 27
56 4
44 2
9 4
9 25
29 36
9 65
9 61
35 45
8 34
58 62
18 57
33 25
44 49
31 33
27 31
13 37
49 44
17 62
55 12
27 30
35 51
15 64
57 59
51 16
4 35
16 41
20 46
45 38
48 18
45 62
58 57
55 22
53 13
60 46
9 58
16 5
44 1
24 26
58 3
39 32
43 47
58 40
52 65
22 24
19 57
41 2
9 44
13 50
45 58
3 30
44 37
43 9
22 5
60 50
43 6
18 17
5 44
5 18
64 22
63 29
1 30
62 64
53 29
48 44
55 64
23 13
60 29
30 26
26 38
14 51
22 50
57 24
47 15
24 26
39 28
44 40
11 44
21 36
27 56
56 32
13 28
29 45
3 24
17 34
40 5
54 18
46 33
56 3
18 23
42 32
13 25
23 3
54 31
48 25
16 13
51 49
40 11
3 39
59 14
16 34
36 46
47 45
29 26
3 49
44 45
55 14
3 42
38 12
5 13
29 47
8 22
8 19
46 21
14 4
16 13
24 30
32 15
61 14
49 19
17 12
10 25
28 38
13 34
55 30
33 43
5 47
56 8
36 1
56 34
58 17
29 50
34 13
27 32
50 61
54 53
51 7
21 51
45 26
26 8
20 54
23 7
6 10
6 1
29 28
63 25
42 53
43 44
10 4
65 53
1 20
37 20
11 55
37 47
52 28
23 22
54 40
59 4
54 50
51 17
61 60
55 54
7 11
52 46
42 22
59 24
27 3
37 6
59 50
19 41
35 7
11 39
3 48
2 30
16 40
6 61
56 23
20 17
14 56
37 12
2 4
24 11
18 15
8 52
19 38
3 59
29 31
65 16
26 13
22 10
3 5
52 48
40 51
37 63
15 45
28 30
3 3
29 46
44 47
26 22
12 14
56 45
58 29
41 18
2 44
14 43
50 54
13 10
48 45
40 60
34 29
32 29
4 39
43 29
41 32
21 51
22 54
9 60
50 46
40 48
62 26
52 16
47 26
42 38
22 11
21 45
46 52
41 51
44 65
55 38
39 57
16 32
13 57
3 4
3 44
9 3
45 37
60 1
52 14
5 55
13 35
28 64
1 54
39 54
42 23
62 65
61 65
51 23
10 3
34 27
21 28
29 37
39 60
24 36
50 28
16 51
52 34
60 53
12 47
55 63
57 21
17 31
61 54
2 52
56 8
18 14
45 58
8 22
2 19
32 43
17 48
35 52
49 41
11 20
2 18
26 5
55 24
29 14
22 16
41 19
19 31
49 23
24 50
53 8
47 61
17 32
19 45
31 26
58 11
61 12
65 54
23 49
62 52
64 37
58 31
26 5
56 26
9 17
10 16
60 35
24 60
55 3
5 54
47 20
4 11
50 51
19 45
20 37
2 38
8 28
52 59
41 62
49 48
26 26
39 52
16 3
19 9
38 11
15 7
8 33
3 30
62 32
45 62
40 45
63 27
61 15
21 27
25 30
63 12
22 59
65 6
54 30
60 12
3 28
20 21
15 27
4 44
38 6
7 28
28 59
21 50
8 45
23 48
42 15
5 14
16 27
26 48
2 54
55 38
27 8
35 4
11 12
17 2
33 37
54 31
52 10
27 6
12 51
19 25
59 8
51 59
23 49
45 21
13 33
60 11
26 10
64 49
4 61
29 38
22 10
63 36
24 46
4 9
38 29
48 25
35 14
65 16
47 10
23 60
30 64
30 7
54 23
11 32
27 27
7 1
21 8
45 40
30 54
13 46
8 30
52 65
39 61
3 53
56 58
43 18
38 14
45 48
64 30
59 64
60 1
52 10
42 43
29 25
29 30
31 21
43 6
14 40
7 53
29 16
26 32
54 23
63 9
27 40
63 25
14 60
48 14
31 12
5 8
56 24
59 13
52 19
36 37
43 58
34 64
40 39
32 53
31 16
5 8
20 55
47 36
16 35
62 56
2 5
6 25
1 57
57 44
45 26
22 47
41 56
12 25
60 51
3 14
26 12
54 46
60 14
65 38
40 2
3 47
3 43
7 25
57 4
31 61
34 38
50 23
9 51
21 24
8 24
58 39
47 3
14 60
10 23
60 61
61 9
48 23
49 32
18 10
7 33
9 62
59 17
52 56
1 5
53 45
14 9
16 1
30 45
31 33
9 44
53 63
21 29
5 63
29 62
13 32
11 46
35 28
22 49
62 17
59 19
11 10
27 52
38 56
37 15
15 63
26 13
42 46
57 29
12 45
55 7
44 57
15 11
35 51
41 56
16 40
15 47
45 54
4 42
35 46
37 60
19 48
27 55
53 3
19 64
49 4
32 37
63 26
20 42
30 14
35 28
57 26
14 10
45 22
8 18
8 34
48 50
36 56
20 17
56 23
10 4
15 42
53 3
10 8
60 8
29 51
54 64
41 16
35 34
49 62
17 6
40 8
15 17
39 15
58 49
59 63
41 19
62 52
62 59
3 54
38 65
33 2
39 50
65 21
58 8
47 57
5 5
22 17
51 51
42 14
2 39
53 5
50 51
50 36
37 65
18 59
36 42
20 30
57 53
12 22
43 10
54 3
37 36
65 11
58 40
43 26
59 25
17 14
15 60
30 36
33 22
61 47
43 55
9 20
30 41
13 2
60 44
15 64
52 55
37 63
60 42
44 39
55 64
41 2
36 21
34 19
52 16
29 62
44 47
23 27
63 1
60 53
41 24
54 8
41 36
26 30
62 25
4 47
41 41
65 63
64 33
9 7
59 16
27 43
1 37
42 27
29 62
52 63
24 37
4 41
16 49
43 20
53 24
8 27
3 22
29 49
42 6
32 4
21 14
30 9
51 43
1 1
16 33
64 16
36 46
32 26
14 36
23 58
5 40
60 65
24 14
21 29
3 64
2 45
55 9
55 39
2 1
39 19
1 37
45 32
15 40
5 61
13 28
3 21
61 11
19 22
50 51
7 35
58 5
25 41
47 27
54 3
21 35
35 8
3 30
34 59
20 59
54 43
65 54
28 20
36 36
45 29
20 19
6 12
26 49
50 16
6 27
8 17
20 44
2 11
64 28
6 51
21 17
7 45
7 11
31 34
47 13
34 57
27 2
9 30
26 43
14 22
51 11
16 37
58 44
32 65
48 37
42 1
59 42
37 9
53 7
18 24
5 18
58 63
35 47
40 11
55 48
25 55
29 29
39 29
6 33
34 47
59 33
8 14
59 19
9 19
64 22
32 55
49 45
23 39
1 3
18 65
10 47
45 3
24 56
15 43
52 4
7 15
18 55
19 48
22 44
40 47
24 34
39 60
57 1
37 52
36 26
1 62
41 21
40 29
35 48
4 59
16 58
23 30
59 48
56 64
43 17
48 35
28 40
46 12
21 43
58 2
56 60
51 25
11 60
55 64
65 5
38 56
44 5
53 39
3 17
51 41
31 26
54 41
25 36
53 58
44 62
17 40
23 19
15 49
35 29
17 18
12 44
64 36
59 52
57 59
17 62
21 29
54 7
2 44
12 8
44 14
10 37
45 38
22 19
57 56
16 46
24 3
34 4
37 7
52 48
56 20
17 36
13 57
37 54
7 58
36 53
48 56
55 14
27 57
29 20
42 56
36 33
29 23
10 35
11 16
52 23
31 38
13 15
55 2
16 15
54 35
64 36
9 45
36 14
62 4
31 20
30 49
36 9
18 18
47 25
8 19
61 13
37 16
11 54
41 53
25 26
19 24
46 28
58 49
62 65
17 24
52 20
4 33
47 28
46 37
65 4
62 35
19 65
41 11
59 19
28 56
58 30
59 15
38 9
35 28
7 10
9 56
36 49
50 37
59 36
19 47
13 21
50 1
25 45
35 41
63 64
1 37
59 61
19 21
28 2
48 25
18 27
10 30
45 11
48 8
11 55
10 5
39 25
16 28
49 49
30 16
39 13
2 17
54 22
4 61
46 20
39 21
15 13
36 33
56 44
61 18
29 48
27 37
57 28
60 9
42 26
62 16
61 53
45 41
17 59
54 47
45 62
12 37
40 50
30 35
31 2
54 59
36 21
38 64
42 9
27 38
61 46
30 2
45 51
2 38
4 44
27 35
6 44
65 11
34 53
41 46
43 54
61 24
9 20
23 47
22 6
32 42
17 27
13 35
16 24
46 17
13 18
54 40
60 48
36 1
7 12
41 31
19 41
24 12
15 33
49 14
59 39
6 56
12 7
1 32
11 65
26 1
26 8
35 14
39 29
8 39
19 8
48 46
7 26
61 11
56 9
65 23
16 41
60 4
47 2
36 10
12 38
11 44
64 31
8 4
8 38
48 33
29 48
60 44
31 62
34 12
58 12
45 58
4 9
2 12
59 18
22 53
22 53
9 3
7 17
37 56
49 6
57 36
8 8
10 30
39 2
8 54
45 40
20 17
38 44
53 12
30 23
35 36
4 15
8 19
31 17
49 8
62 9
5 59
9 50
52 41
13 60
19 19
40 2
1 60
56 25
57 4
52 7
63 57
34 11
37 49
56 49
12 42
15 3
33 60
28 5
16 5
4 50
36 42
34 41
4 49
57 29
50 4
63 36
29 10
59 26
45 19
44 19
19 49
2 48
15 64
42 16
33 63
43 24
57 50
23 37
58 43
8 39
65 34
9 61
15 54
60 59
46 40
59 27
17 45
5 53
61 17
54 13
26 34
64 32
28 10
29 44
5 55
63 28
34 25
53 57
35 50
9 63
2 64
30 12
52 65
10 44
1 38
22 35
24 13
9 22
25 1
13 38
62 52
24 20
11 20
33 58
26 37
50 61
34 53
5 58
41 54
56 44
44 29
46 42
57 3
37 10
44 27
29 42
24 33
34 5
35 52
23 23
22 52
60 50
24 54
63 48
64 3
13 41
54 24
51 44
59 64
55 50
57 10
6 56
7 43
42 49
64 6
21 19
61 34
21 19
25 47
23 43
17 19
15 10
16 28
45 34
21 14
60 47
31 54
34 1
43 48
17 59
27 17
9 22
8 54
30 53
34 54
4 38
65 54
45 52
25 20
33 53
28 42
61 31
39 37
57 54
14 5
30 37
64 57
10 2
65 18
47 47
16 35
52 38
57 58
1 43
27 53
4 6
48 52
31 3
1 37
26 37
54 40
64 7
65 36
36 50
20 26
7 62
54 39
56 16
22 28
35 47
14 5
53 24
13 57
58 27
25 34
54 25
13 18
34 9
50 21
26 29
12 19
16 24
16 40
19 26
30 65
65 38
40 29
20 29
49 7
15 8
17 3
27 59
46 18
26 12
35 24
16 64
10 62
63 11
22 10
8 40
1 58
16 53
1 41
30 15
43 9
47 33
45 27
40 60
53 10
44 48
9 19
42 51
49 11
16 58
31 25
1 32
55 28
49 22
36 12
4 57
33 50
41 48
30 38
23 54
20 53
19 46
63 39
40 10
61 17
19 29
2 5
6 16
65 18
53 28
20 34
50 44
13 6
42 45
24 31
31 26
63 55
50 56
36 38
20 65
11 22
51 34
4 55
48 54
50 13
19 26
53 48
46 29
34 23
51 60
40 27
18 52
22 64
26 61
45 6
13 25
20 43
18 36
13 27
44 55
62 42
53 62
44 45
17 56
10 14
5 59
35 58
12 28
42 25
19 1
36 54
54 31
39 36
13 53
5 37
33 59
19 39
63 16
8 5
58 22
11 24
65 39
64 58
6 39
46 7
16 22
33 31
25 55
28 45
20 27
63 31
45 65
64 62
63 64
59 5
23 62
50 4
5 64
31 8
58 31
26 57
5 38
57 3
56 20
32 14
43 9
51 51
21 22
11 34
58 5
59 52
56 49
46 26
34 42
35 17
63 63
15 13
52 26
52 45
54 51
45 11
39 13
16 45
21 36
48 24
14 58
29 9
38 13
32 14
5 62
14 30
30 33
31 16
55 63
2 1
48 40
8 63
26 2
2 44
17 1
14 57
36 31
60 51
16 56
34 4
28 8
28 55
38 28
60 15
55 21
17 28
51 15
33 24
10 31
25 26
34 4
4 54
1 60
4 59
26 52
47 14
3 52
52 9
61 65
27 40
21 35
50 24
57 39
5 16
47 31
12 40
11 32
21 61
46 60
37 53
28 56
1 45
5 44
50 51
8 54
33 13
56 57
43 39
52 35
7 57
35 33
21 47
14 10
56 34
21 46
7 8
26 48
57 35
31 19
23 22
29 45
13 1
24 52
40 65
62 34
34 49
54 42
13 60
9 29
27 49
13 47
48 44
4 51
35 1
50 31
45 43
39 46
48 20
50 16
28 65
32 50
63 23
50 58
9 2
22 40
7 26
40 38
29 44
61 21
8 48
32 18
5 41
42 11
49 36
37 1
12 52
26 31
58 54
60 11
14 54
3 37
16 5
43 16
56 10
33 63
26 41
41 26
11 39
64 51
45 29
10 53
5 21
20 9
27 16
4 57
10 46
62 4
39 25
61 6
37 11
41 44
59 26
15 59
5 7
50 18
54 11
42 54
65 27
44 38
32 13
23 13
29 50
60 33
49 23
60 4
42 11
10 37
61 51
56 10
31 60
10 48
9 46
61 10
35 22
39 53
51 13
51 3
15 55
9 3
11 52
52 28
7 33
52 65
38 12
2 3
19 5
49 32
22 61
37 40
58 42
10 3
51 19
9 31
50 56
52 55
54 20
41 34
36 24
49 45
45 27
53 63
47 59
4 18
59 13
45 42
6 1
60 59
36 36
9 43
41 64
45 29
40 27
7 8
43 35
6 26
41 30
12 30
63 55
36 36
9 61
46 41
13 21
29 8
1 47
51 60
33 36
39 32
10 18
40 4
20 43
39 31
50 52
44 43
60 55
63 61
59 59
23 49
42 6
59 47
59 6
17 20
32 20
44 59
57 32
23 33
47 61
53 12
11 48
49 16
12 51
8 19
2 10
9 33
47 26
4 51
36 4
21 43
44 62
21 58
55 1
35 12
38 47
9 17
47 32
45 64
19 10
31 30
62 63
25 47
41 12
54 14
14 17
32 17
55 65
10 63
50 1
38 16
10 43
39 23
50 50
11 20
10 11
28 12
1 47
22 34
2 23
31 34
51 43
64 23
32 40
60 53
32 44
6 3
50 28
61 62
50 16
4 8
49 1
61 39
61 28
45 8
37 28
14 54
3 46
62 6
52 34
62 25
16 64
12 34
30 24
58 15
45 62
41 25
47 24
43 62
49 43
10 11
38 24
4 11
11 21
5 7
53 35
24 55
12 27
3 27
50 39
37 2
29 25
1 55
40 46
6 56
54 6
1 23
15 17
40 28
33 50
63 61
27 8
16 51
6 26
12 59
8 60
5 59
26 2
