48 359
13 13
25 18
36 19
20 21
22 16
33 22
20 25
22 44
24 17
39 2
16 45
9 37
28 24
11 11
27 39
38 6
16 16
20 24
27 23
32 25
37 9
12 39
12 29
25 46
32 23
2 8
45 30
26 23
10 33
39 17
1 6
31 10
32 19
34 8
48 33
24 35
20 45
13 44
35 48
9 16
26 18
37 12
44 10
43 19
43 10
45 30
28 9
41 20
5 32
12 10
26 25
4 28
9 36
10 12
19 12
16 10
12 42
7 22
36 24
37 18
23 9
21 27
18 39
14 41
39 45
25 21
19 39
13 11
14 38
13 16
2 40
21 37
31 7
1 45
47 16
47 12
38 24
37 16
28 10
38 36
30 20
33 2
1 19
10 25
25 27
45 15
25 44
33 41
27 33
25 25
19 43
1 8
31 45
7 36
34 25
39 11
17 12
12 8
29 21
36 29
34 11
3 2
32 16
42 45
40 16
42 19
9 31
3 46
11 2
34 32
43 44
11 38
25 28
3 32
15 5
33 48
35 31
38 1
46 28
42 10
30 45
9 3
40 21
30 23
2 30
15 43
33 11
9 14
14 30
29 34
47 43
11 26
35 13
14 35
13 24
9 40
4 46
48 48
26 37
26 43
12 9
20 46
10 14
42 11
8 25
18 21
20 48
42 34
25 14
35 33
3 44
45 30
19 44
22 35
37 8
29 2
1 43
44 32
31 13
37 20
47 5
11 17
39 26
4 32
14 27
14 34
41 48
16 20
19 48
35 4
3 20
1 18
40 44
28 43
40 32
2 2
10 26
47 31
16 35
35 13
10 10
22 47
7 12
10 35
44 48
16 26
10 19
13 22
43 36
46 20
45 48
25 28
18 16
22 23
7 1
31 1
36 5
36 31
4 40
1 19
22 6
4 13
18 43
26 4
48 27
25 37
37 19
35 27
32 15
9 48
20 46
30 35
22 19
30 27
42 45
15 27
8 9
39 38
37 6
46 20
32 25
37 38
10 34
39 23
25 15
31 19
15 32
42 12
22 11
30 43
47 17
28 4
44 32
34 29
26 26
3 16
35 38
43 30
34 38
14 39
24 41
16 40
15 1
27 4
29 39
44 22
12 14
14 21
8 37
12 25
8 33
1 45
48 11
2 6
6 5
30 35
20 19
37 22
13 24
7 2
3 14
46 4
25 42
47 7
37 47
13 19
40 18
30 22
16 46
18 5
46 41
1 21
4 22
37 21
33 13
8 30
32 40
14 46
45 47
38 1
42 38
45 2
34 37
4 16
28 41
20 20
17 9
47 2
17 27
8 30
19 40
5 17
12 13
36 44
2 35
28 44
1 34
37 15
30 2
43 22
26 34
31 27
9 28
30 21
35 40
6 9
27 1
39 35
14 37
6 22
46 48
8 32
32 43
28 17
35 1
41 30
34 19
11 1
28 44
8 35
34 39
40 45
48 16
4 43
47 40
46 34
10 45
18 20
16 25
27 17
26 26
24 16
30 18
1 31
35 48
37 39
5 15
37 19
27 29
7 34
23 30
3 11
46 34
2 17
41 36
9 23
11 21
48 5
21 25
7 28
38 16
11 39
22 23
22 2
4 48
5 31
14 15
14 39
18 23
