73 2516
22 10
35 71
44 12
70 33
32 55
34 68
46 40
64 13
59 53
30 2
28 21
62 37
42 27
63 23
29 49
69 40
40 72
27 39
56 55
22 69
10 60
57 37
13 42
61 66
26 59
31 25
7 58
5 61
8 72
64 53
37 12
39 65
31 68
58 73
39 19
38 41
4 49
17 65
50 9
49 56
40 64
13 58
44 67
72 56
55 19
9 40
30 61
65 37
4 23
23 1
11 38
29 17
10 6
37 57
55 23
45 24
56 12
71 2
60 63
32 53
30 34
52 50
47 36
63 1
56 36
13 25
20 67
21 46
5 48
16 41
8 20
29 65
56 61
9 44
55 1
70 46
26 38
65 25
64 51
67 17
57 32
50 32
41 57
49 9
68 59
3 55
45 18
16 5
5 72
64 25
60 60
33 3
39 6
53 36
3 56
65 52
7 64
66 10
68 72
46 30
49 38
39 1
19 26
30 16
68 2
21 62
23 30
69 69
73 60
3 18
23 62
5 26
8 47
70 3
14 53
54 49
67 58
70 4
15 14
9 66
4 40
22 71
60 71
30 52
61 71
55 55
67 64
8 47
67 62
48 12
38 18
48 59
55 17
51 25
51 37
38 46
70 70
3 21
1 9
51 46
8 36
58 15
14 48
58 64
34 49
14 70
29 27
58 4
14 26
63 47
21 37
33 19
71 5
4 60
72 32
19 10
42 35
36 50
54 33
62 44
19 15
69 42
10 49
55 16
36 28
60 44
47 23
68 65
49 48
23 30
43 18
3 30
41 26
56 39
13 60
73 60
19 66
71 48
26 55
40 62
4 31
34 3
32 9
49 59
47 41
24 50
13 46
23 9
7 44
68 2
27 30
33 17
26 35
43 13
66 59
65 60
47 6
48 49
47 13
34 10
62 1
45 66
64 20
45 25
56 28
23 23
35 35
66 10
67 7
25 12
50 57
24 42
52 15
19 25
23 13
56 63
21 17
49 53
31 21
22 3
65 49
34 53
46 24
37 14
19 54
54 23
59 54
32 6
29 65
15 61
59 24
35 49
24 5
63 8
26 51
53 19
43 27
23 52
73 34
49 46
63 30
2 52
32 64
64 70
42 44
69 4
35 60
34 33
63 26
27 19
34 70
53 55
14 60
72 39
19 2
9 19
22 43
24 33
72 1
46 6
38 68
17 70
59 10
45 51
66 42
40 5
64 64
55 7
16 41
54 61
70 2
37 37
46 58
60 40
9 59
16 10
36 62
28 28
51 15
47 46
45 66
11 50
50 46
34 62
46 38
20 57
60 7
9 73
40 73
45 5
39 42
44 13
14 57
52 16
65 16
10 67
19 33
36 2
5 21
65 40
55 44
42 70
2 72
32 23
28 23
34 3
2 64
18 60
10 70
46 44
31 28
65 32
24 10
11 22
34 45
49 68
4 47
14 70
32 51
45 28
17 34
31 53
42 17
42 31
21 40
32 35
43 35
5 13
24 41
12 56
53 31
48 50
36 65
68 13
39 35
50 36
59 68
8 16
38 51
73 30
34 20
71 59
50 42
14 14
20 1
7 38
24 1
23 45
33 47
22 19
49 6
12 46
36 68
2 49
7 51
3 23
65 58
27 68
10 62
29 11
60 61
38 65
28 48
26 25
13 68
41 57
28 16
39 35
12 59
72 29
58 64
34 55
65 33
32 55
49 54
11 40
18 4
72 57
55 73
51 53
41 39
32 23
21 19
65 71
43 11
26 53
17 64
54 67
62 38
12 31
71 10
13 6
45 19
4 69
70 25
18 32
17 71
68 54
40 42
4 53
2 50
38 55
23 73
42 63
28 71
13 20
20 17
56 68
45 72
59 17
12 60
57 38
19 57
22 33
6 64
44 53
40 70
49 73
69 46
22 61
28 31
3 28
41 12
37 18
33 48
40 30
73 70
48 52
39 60
39 26
4 9
13 56
49 6
4 54
21 30
24 42
35 44
27 1
5 63
37 10
5 23
42 40
1 46
53 6
38 19
55 12
68 59
32 65
53 71
59 31
38 35
50 64
8 45
49 32
24 7
13 57
16 64
47 7
21 9
14 22
36 51
53 52
10 28
36 61
48 35
55 20
15 71
56 21
12 50
1 69
61 73
35 44
72 64
65 47
54 41
37 39
6 40
23 56
29 40
69 58
4 10
73 65
66 47
31 40
26 48
73 63
28 27
40 35
38 71
10 34
35 61
60 52
62 11
19 8
32 57
64 51
9 21
16 58
16 73
46 53
70 9
40 42
65 52
12 72
12 14
18 16
60 67
40 5
68 40
9 57
27 20
36 40
64 70
7 31
18 39
16 9
63 41
52 40
38 12
30 13
26 42
47 23
28 5
21 26
3 40
26 36
23 53
42 24
65 18
28 26
62 27
17 66
62 20
45 8
27 8
51 43
71 8
1 28
47 57
31 60
51 50
43 27
38 15
29 34
26 47
34 13
28 19
70 64
68 72
2 49
54 4
65 33
34 70
62 1
37 58
40 41
2 40
64 31
38 66
44 55
8 54
60 39
19 12
13 66
16 56
56 69
26 9
37 33
72 64
42 63
61 26
51 64
44 9
42 32
62 37
12 40
53 41
60 60
62 24
17 63
8 6
33 14
60 23
1 38
45 56
28 34
58 58
15 47
65 28
68 36
22 52
32 61
25 29
53 72
69 27
56 64
5 7
64 4
73 19
46 47
49 36
38 38
49 54
7 35
10 4
64 58
59 49
16 18
66 57
47 45
16 63
51 40
58 21
17 14
55 40
65 68
38 68
12 57
56 10
35 14
54 53
20 26
40 51
61 42
62 37
42 41
70 13
45 31
3 12
20 14
36 13
45 14
63 41
10 7
55 17
9 33
30 37
18 24
36 44
59 31
28 68
39 26
1 38
22 10
56 51
1 56
25 47
24 50
16 30
32 9
17 44
72 27
71 50
27 73
17 11
21 71
24 1
28 66
68 34
2 4
72 21
50 23
62 29
47 20
59 50
73 50
19 70
30 31
4 11
16 15
27 57
46 56
5 53
72 12
5 9
41 72
6 2
48 62
50 32
49 31
21 3
29 44
60 27
41 58
17 23
52 42
38 73
50 59
68 72
66 62
2 50
55 26
24 11
60 69
38 62
73 59
12 20
28 65
2 14
35 8
20 48
2 6
31 27
57 67
32 2
52 62
40 35
23 2
45 28
12 31
24 6
52 3
46 58
28 20
26 8
5 36
68 34
48 13
27 11
36 20
16 19
3 4
54 24
70 44
20 15
22 4
12 55
71 8
33 38
73 60
16 69
13 64
44 52
63 10
17 53
62 39
22 57
5 39
29 31
16 64
41 15
21 59
37 68
41 24
70 44
26 26
26 1
32 23
4 4
70 16
41 47
37 68
33 18
20 9
10 70
37 47
8 18
51 28
34 5
63 70
25 43
65 7
41 47
50 49
8 16
69 65
57 66
15 29
9 28
66 3
1 45
71 44
41 45
3 53
56 27
19 27
23 7
50 57
55 54
25 13
67 24
61 40
41 47
22 17
33 41
66 5
50 16
25 44
68 52
54 50
5 2
53 48
15 30
64 50
17 9
6 55
32 44
42 47
46 27
28 14
69 64
34 35
8 3
25 50
3 14
11 26
26 72
59 36
11 40
29 64
4 34
68 59
26 60
2 43
3 52
39 52
9 35
29 26
52 38
22 34
12 30
56 59
40 50
16 73
62 30
8 32
59 70
30 24
58 57
72 1
57 4
30 47
73 67
34 57
71 25
12 4
37 12
48 60
59 50
17 3
45 44
65 34
6 63
45 37
51 65
65 22
15 27
67 44
20 62
49 65
52 47
52 19
64 40
57 36
50 21
28 40
30 30
22 17
53 73
56 29
52 23
35 17
49 39
15 25
24 41
38 5
40 45
62 16
29 71
20 3
35 23
56 23
4 22
6 65
35 9
51 45
68 6
13 8
61 21
9 40
12 70
33 20
52 65
23 58
28 2
5 35
67 48
47 61
68 5
45 56
34 49
33 11
19 8
13 65
32 55
56 11
31 6
14 3
8 20
34 25
35 55
66 73
59 1
7 50
55 29
34 5
4 66
50 32
15 55
72 70
20 37
43 56
27 39
66 28
26 2
10 36
66 24
48 55
10 29
13 21
30 69
55 4
30 71
21 54
6 43
45 6
37 22
48 37
69 47
66 68
36 40
30 49
59 12
47 73
1 9
41 31
11 4
71 18
23 37
47 40
39 52
13 12
23 6
28 67
3 64
20 52
50 35
69 68
51 7
53 70
49 5
20 51
67 43
72 68
14 22
43 15
19 67
48 49
73 7
19 30
45 66
23 31
8 60
56 37
10 17
3 57
47 3
70 67
23 56
72 32
16 35
16 10
24 68
72 50
11 3
50 26
63 51
70 30
14 63
11 29
1 49
11 66
31 22
16 37
49 5
57 20
6 31
15 61
42 21
72 53
26 46
18 14
9 49
70 66
47 17
60 7
58 28
21 48
68 27
38 34
67 61
31 57
9 1
34 58
24 15
12 59
34 13
48 53
71 22
23 49
5 48
18 51
73 6
36 28
70 64
33 27
37 31
40 57
50 73
38 41
62 62
24 64
43 67
36 6
4 52
47 2
38 20
56 46
37 73
69 35
40 72
3 20
55 64
57 32
9 65
1 50
70 66
3 56
53 48
39 9
14 37
38 40
66 42
39 10
73 32
38 16
3 5
72 61
39 70
62 34
13 66
21 57
71 2
35 24
9 34
60 11
24 51
37 69
33 13
64 43
36 37
17 22
45 55
65 67
31 6
9 36
52 12
68 31
71 41
11 52
32 31
15 24
40 46
3 54
48 70
56 21
14 54
48 14
73 68
20 33
51 53
63 3
29 49
2 21
57 54
22 60
15 14
33 47
22 39
27 34
4 18
17 2
36 1
48 18
49 51
62 36
14 4
50 65
44 46
63 11
66 30
68 45
16 43
11 32
53 28
67 67
4 49
8 50
57 27
57 8
54 50
43 57
26 58
31 46
37 67
25 45
13 31
16 22
21 49
7 65
66 3
55 59
60 59
27 15
52 73
34 26
5 28
2 31
30 62
37 71
38 26
63 37
36 18
11 1
34 64
27 18
8 4
64 56
12 57
31 65
4 69
15 38
60 12
18 35
23 41
48 50
17 23
57 42
8 8
35 56
16 62
45 64
34 51
16 50
19 12
7 29
73 58
13 35
18 8
26 70
15 16
73 39
23 18
32 45
4 13
65 46
56 47
72 70
2 19
62 16
34 30
57 15
17 69
51 45
65 62
19 62
51 64
13 34
45 53
13 41
16 16
18 4
43 23
70 3
13 53
20 24
16 37
71 9
24 63
1 70
31 24
4 36
14 23
4 14
26 17
67 16
50 1
4 1
49 37
19 18
64 38
30 53
10 56
66 33
45 21
68 68
38 49
24 68
23 18
18 32
38 52
60 27
43 58
64 66
47 72
8 20
11 36
54 31
69 38
67 13
60 14
38 36
20 15
3 21
19 66
14 34
53 72
48 18
41 62
70 9
37 59
21 22
25 41
55 14
49 43
7 57
20 4
39 29
45 55
35 58
49 28
34 62
16 73
41 30
64 20
41 46
40 26
64 72
38 69
56 16
22 67
35 14
20 34
66 39
66 22
31 65
1 67
24 63
57 69
64 30
40 44
9 10
4 11
17 59
41 40
17 25
9 5
71 3
47 30
6 50
36 12
2 34
32 68
6 20
15 10
51 54
11 32
38 64
42 24
19 24
49 61
21 39
49 44
43 15
61 59
51 59
72 67
1 10
42 5
70 13
36 38
14 64
69 20
64 18
48 2
22 71
9 24
8 69
18 24
61 27
60 31
13 54
3 19
17 9
63 45
61 53
54 9
13 46
4 6
13 50
11 46
5 35
37 9
41 35
57 32
49 52
32 58
9 36
38 37
10 62
32 41
65 63
27 10
50 28
55 47
9 47
63 65
38 33
19 15
56 34
70 33
32 53
14 2
39 7
43 62
40 50
65 60
63 58
51 9
14 65
49 64
38 61
11 4
23 42
37 22
39 63
73 5
59 47
6 30
53 34
30 16
45 73
45 73
46 54
24 16
61 61
28 5
4 39
18 18
26 35
51 65
35 68
64 22
60 10
55 49
56 59
12 32
73 25
45 37
65 53
8 27
61 1
39 28
7 28
28 6
58 3
26 23
17 69
14 34
18 45
52 25
52 73
38 48
59 19
51 41
16 2
66 6
63 70
33 71
14 70
25 50
35 60
41 49
44 69
14 5
71 42
2 1
24 31
15 50
11 9
73 14
3 71
60 12
18 63
70 46
57 71
54 65
46 64
55 58
61 19
45 12
16 42
16 53
45 72
57 6
17 46
53 73
66 56
66 37
28 3
47 61
8 11
36 33
43 51
41 21
23 20
27 56
70 22
63 30
15 1
26 72
1 6
20 44
4 58
65 36
22 57
34 3
17 1
47 60
28 29
47 51
26 24
17 29
8 73
66 71
48 44
3 70
20 37
20 16
55 24
70 40
26 42
32 16
34 28
27 27
25 38
50 10
15 46
27 41
36 66
68 64
42 72
14 29
12 19
28 9
5 48
1 49
29 45
10 30
32 67
16 3
14 35
10 47
54 43
15 40
65 5
29 26
27 41
16 23
70 20
27 8
18 27
65 64
38 51
37 34
24 37
30 42
15 65
66 69
14 49
4 26
57 48
14 37
35 47
45 10
37 71
32 61
67 59
38 49
19 63
37 40
61 73
66 58
71 60
36 42
28 37
35 54
68 12
1 22
72 32
22 9
11 26
35 43
5 27
16 50
59 3
43 9
52 4
31 66
16 15
16 64
73 18
24 33
50 30
4 24
14 21
69 3
53 73
18 65
47 42
7 67
32 25
65 8
29 54
61 17
44 12
71 9
71 40
33 37
25 14
29 69
11 52
61 11
2 61
65 39
70 9
55 55
1 56
8 32
42 73
28 35
51 50
25 67
49 8
61 36
17 31
45 42
54 8
14 43
52 38
13 28
69 34
67 39
47 32
50 56
49 44
32 61
66 5
35 9
56 14
52 67
37 58
62 6
62 59
14 17
49 12
59 72
53 8
9 10
3 33
60 23
5 38
21 18
42 17
28 6
51 46
45 66
14 39
13 10
22 37
41 52
3 42
3 51
71 51
44 50
21 8
16 23
56 70
52 38
71 39
36 14
52 9
67 48
38 2
9 34
52 43
66 20
57 50
46 50
64 1
20 46
49 21
10 54
1 60
28 25
23 60
5 27
17 6
21 41
71 56
59 26
64 42
6 39
63 26
7 49
41 47
40 35
7 44
66 14
72 9
17 66
29 56
69 38
15 34
38 41
46 26
22 66
72 18
6 9
61 51
51 41
24 22
44 22
61 72
67 37
31 6
23 35
49 18
47 69
55 57
57 48
5 7
5 1
57 69
5 9
45 56
10 60
64 55
17 16
45 72
68 49
33 53
71 64
40 73
22 28
59 3
12 21
69 54
26 29
23 37
30 58
44 33
4 35
24 56
3 58
21 43
44 62
46 27
40 66
10 61
51 46
23 57
62 5
57 47
68 42
66 42
30 61
32 72
39 64
36 12
6 65
31 29
69 59
42 71
38 69
61 31
26 60
2 70
41 69
71 48
28 47
49 67
72 64
16 34
28 46
5 57
7 42
71 52
2 33
3 73
46 32
44 1
25 54
37 30
48 73
63 21
57 52
49 8
50 26
48 68
72 24
50 34
41 4
6 67
66 65
34 44
64 11
48 13
43 45
42 2
73 68
50 21
9 46
62 72
35 47
43 64
45 27
65 18
52 2
39 37
29 39
16 68
1 16
40 7
31 63
36 61
33 32
35 10
54 64
70 29
40 23
31 3
61 4
12 66
15 23
32 67
52 17
50 41
33 5
32 49
67 42
59 37
22 34
33 64
66 67
59 9
73 33
69 8
25 9
55 29
30 26
11 42
51 56
59 42
26 6
53 65
69 30
55 27
49 33
27 3
15 63
7 14
32 27
22 71
67 30
7 68
27 34
46 16
13 54
69 44
29 38
31 59
61 16
42 13
72 6
19 54
24 46
24 14
25 49
7 18
41 29
10 20
73 33
24 15
24 29
10 67
73 20
55 35
54 18
25 5
49 3
53 21
11 72
68 24
27 3
22 2
34 37
3 41
35 19
57 15
8 70
5 4
10 71
22 1
18 43
9 5
47 56
45 8
45 25
28 27
37 58
18 72
65 34
63 72
72 21
10 64
4 24
54 26
45 36
29 38
58 29
61 28
45 39
20 51
9 4
68 33
49 10
64 18
31 34
23 46
8 7
3 61
40 68
67 21
58 52
24 22
37 25
21 7
50 11
35 12
56 12
56 38
11 71
16 31
25 62
30 52
32 54
25 56
21 31
4 45
48 64
9 27
70 70
22 25
3 40
23 32
6 38
70 48
18 73
13 51
57 20
52 10
42 8
19 35
3 71
65 54
50 63
68 71
40 30
31 29
4 8
28 30
51 57
31 61
28 56
36 72
38 62
52 31
46 56
55 34
65 44
62 26
48 28
53 49
26 71
16 31
6 38
43 14
32 21
25 24
30 43
47 30
51 33
11 57
44 35
72 61
56 8
18 67
5 50
35 19
70 23
19 47
66 40
20 55
23 6
12 21
1 26
34 58
31 68
28 21
45 10
18 19
22 7
24 23
70 10
57 29
42 13
62 38
19 16
11 19
30 34
68 49
13 10
30 32
16 59
44 33
15 12
59 39
30 56
20 11
27 42
40 20
30 7
21 15
5 12
40 61
58 62
6 68
1 32
56 27
40 31
8 40
66 14
56 47
17 34
11 73
26 70
5 42
62 6
42 16
45 68
64 34
13 69
14 15
55 51
68 69
17 56
70 63
28 63
10 30
1 72
70 68
34 39
17 16
28 12
7 56
6 56
12 43
65 72
50 56
4 68
4 71
2 59
29 72
24 23
70 56
1 4
55 30
12 73
4 14
66 23
40 31
65 41
68 7
69 14
73 66
21 29
17 73
10 11
14 19
3 13
69 52
8 15
72 33
12 4
18 41
68 61
3 42
46 14
57 44
67 22
16 69
18 47
41 2
33 28
21 6
36 70
64 17
55 49
48 61
14 68
57 73
64 3
27 45
2 30
68 61
9 63
47 20
71 22
64 37
35 36
31 71
2 48
30 37
67 24
14 26
17 14
60 3
37 16
7 15
11 16
7 52
38 47
15 26
28 37
7 36
54 47
11 37
18 47
20 24
44 20
23 7
39 21
24 19
32 24
71 59
54 9
23 72
50 41
2 38
60 47
64 56
64 44
11 20
38 31
35 5
5 66
20 68
16 21
39 7
59 57
37 1
14 52
64 38
64 53
63 13
34 25
72 14
34 66
68 64
70 43
72 40
33 50
28 64
69 37
62 43
46 9
5 34
72 8
40 27
3 68
42 67
3 35
59 51
65 66
64 52
26 46
43 14
48 62
71 61
18 37
36 62
32 56
72 59
30 32
61 6
63 48
54 27
20 13
4 7
57 56
7 61
52 40
54 2
61 18
13 65
67 72
50 7
27 37
42 45
18 11
6 1
31 14
3 59
57 69
51 36
57 25
70 42
42 21
25 39
13 44
68 9
65 16
28 55
21 18
2 52
30 18
46 65
49 64
3 1
58 45
30 55
11 21
44 56
72 44
46 38
27 28
25 49
7 29
55 51
52 38
16 45
61 50
39 65
8 36
72 42
26 5
8 4
43 15
65 13
57 69
18 48
54 5
12 41
64 33
33 49
54 53
14 31
51 58
6 65
69 55
22 6
52 58
5 21
45 16
59 43
55 38
20 5
35 52
24 6
51 11
36 35
14 2
67 43
17 23
13 19
15 69
22 13
30 18
68 41
32 31
12 58
37 23
13 15
7 67
15 14
3 50
28 3
51 21
2 13
73 14
52 50
8 45
63 55
18 22
3 16
55 53
48 46
19 29
55 18
12 37
49 38
47 59
61 17
16 22
21 66
45 37
48 52
71 40
12 28
56 12
63 4
11 40
67 71
18 7
30 71
25 69
67 67
19 6
14 55
47 40
23 57
50 61
35 15
49 42
2 57
69 21
26 41
52 22
46 52
52 72
49 27
43 20
50 61
1 47
73 66
26 14
35 43
26 73
19 47
48 31
33 3
70 30
59 53
5 20
8 55
11 1
58 18
7 43
72 41
69 64
40 34
37 24
16 27
36 69
3 6
6 32
9 50
67 26
9 8
61 18
48 13
26 36
9 66
54 50
10 41
43 33
8 31
63 63
62 6
46 8
44 66
48 44
53 57
40 51
33 35
2 9
48 69
6 45
46 6
25 73
18 7
27 18
51 61
54 19
49 53
68 68
7 8
69 71
59 72
70 47
20 51
21 22
17 69
27 32
54 1
4 60
17 41
61 29
39 73
14 4
51 32
5 43
73 37
69 20
64 41
22 28
50 45
11 69
28 33
13 57
64 55
52 35
20 36
61 39
15 39
12 31
4 9
44 1
12 2
44 6
13 17
14 63
2 66
46 21
21 28
68 12
32 32
10 46
64 25
22 30
3 12
63 20
36 8
52 56
12 30
5 36
6 2
58 29
6 59
34 18
41 69
14 66
60 13
31 69
4 45
25 67
24 33
19 23
69 18
9 45
33 56
40 49
56 65
11 67
4 69
68 13
6 19
23 13
73 15
48 6
19 57
23 38
17 11
14 2
20 1
4 37
22 56
63 25
16 11
59 17
49 45
9 54
48 43
11 9
23 56
7 6
8 30
51 53
54 10
67 55
63 23
72 60
9 51
26 21
50 39
5 39
61 27
45 2
57 6
50 68
35 3
17 71
2 12
57 38
63 53
41 53
38 43
30 9
1 31
72 63
72 31
48 43
1 50
67 69
70 69
2 36
47 25
52 40
33 46
40 11
32 15
47 45
45 3
60 22
27 1
37 14
51 65
37 71
3 13
62 25
55 38
16 69
37 72
21 40
37 41
58 60
22 8
40 5
39 1
9 27
54 38
21 18
63 7
35 60
9 26
16 52
21 3
55 25
58 19
2 10
36 35
50 30
18 37
25 45
34 57
16 64
43 14
25 58
67 19
50 42
67 1
8 29
60 66
13 23
2 56
51 33
35 21
20 72
50 70
31 36
47 45
20 42
15 65
22 31
32 38
26 63
42 37
52 40
49 40
21 64
67 36
1 38
25 42
72 49
19 55
27 36
17 71
52 26
45 12
44 27
62 19
11 54
27 65
39 70
42 22
46 67
59 23
73 5
10 22
21 21
17 28
64 43
3 31
53 35
25 59
