85 1841
32 74
1 81
70 80
72 30
45 2
3 44
3 6
1 79
66 79
44 52
26 61
71 16
24 46
38 67
50 61
29 43
1 14
30 26
59 85
4 72
46 8
85 33
8 31
82 33
81 3
69 67
69 84
10 75
47 16
76 38
45 5
76 59
10 81
71 70
38 9
40 40
46 83
49 45
16 14
44 8
33 17
11 1
7 30
85 22
40 20
29 47
32 35
66 61
61 31
35 28
43 23
20 71
16 21
8 23
51 70
72 11
67 26
48 2
8 78
6 18
54 67
41 57
18 48
31 20
18 5
68 4
35 22
36 16
45 44
52 76
16 44
49 20
60 66
35 44
81 11
79 30
2 82
21 65
19 7
4 49
27 61
35 53
69 56
52 83
81 80
39 8
38 18
30 71
49 10
20 9
73 60
53 82
39 82
71 20
57 69
19 20
56 12
36 11
80 27
73 68
19 61
13 82
41 57
68 85
57 72
27 68
52 56
17 40
52 43
10 36
41 77
63 75
17 9
63 46
18 37
58 37
80 54
83 5
41 37
41 43
11 4
58 48
12 27
17 43
4 32
22 47
56 29
78 74
63 40
85 24
47 81
54 28
50 38
37 26
65 32
44 22
38 71
7 23
41 26
11 28
13 34
11 27
28 30
51 18
40 55
5 16
49 13
19 52
85 4
23 10
23 11
40 76
43 34
42 62
65 1
1 36
59 80
27 23
59 84
51 51
79 47
46 2
39 49
35 49
73 67
38 65
44 13
74 14
43 38
55 11
20 14
26 35
25 77
17 81
53 10
17 33
44 18
23 80
1 9
18 58
61 12
17 84
55 15
65 44
2 63
85 11
64 22
85 49
79 25
28 67
48 72
58 10
42 53
70 49
13 75
49 7
84 7
38 36
79 22
58 48
1 8
63 25
68 51
46 78
80 49
2 53
46 55
70 41
40 78
44 78
34 72
80 5
38 12
75 54
59 20
11 52
22 74
68 51
80 68
32 6
45 30
71 62
65 19
72 30
37 17
32 37
74 23
63 53
62 78
36 10
38 62
50 10
78 41
71 80
30 20
35 30
22 59
4 70
40 55
85 26
18 13
17 84
28 57
77 34
25 45
59 65
21 14
2 18
44 74
19 57
29 51
49 64
47 65
13 44
5 61
85 3
85 43
41 29
52 35
27 63
44 12
52 36
25 26
77 59
36 4
52 44
69 76
63 79
14 65
79 30
3 48
3 36
72 46
83 63
15 10
31 10
8 85
23 71
32 54
15 48
31 47
31 13
23 35
68 62
64 38
71 26
85 53
69 48
16 5
14 68
9 20
36 19
8 72
44 15
35 1
23 80
80 40
6 15
30 61
9 11
26 8
52 20
55 10
83 15
25 38
63 49
5 85
29 33
38 2
81 4
36 45
50 56
10 38
47 9
24 18
42 28
15 3
59 39
70 4
16 56
23 9
16 46
28 78
81 53
79 33
76 82
2 52
44 18
59 15
34 31
35 47
27 14
8 59
23 18
38 63
51 9
12 85
56 50
70 29
50 52
17 29
75 75
40 40
81 66
72 34
76 27
57 62
31 15
10 39
24 13
6 68
70 65
63 55
50 4
46 74
3 60
63 71
18 12
49 53
22 57
51 32
49 21
54 1
81 2
58 72
73 71
28 55
81 47
66 7
53 13
50 38
52 38
80 76
36 46
70 31
24 35
31 81
61 30
42 39
73 9
51 31
34 66
84 83
8 6
29 35
13 7
17 65
6 2
44 46
20 65
24 69
73 57
31 84
26 64
41 37
71 80
85 50
46 31
36 67
28 49
72 67
24 76
18 73
15 69
45 35
58 40
51 72
68 70
62 78
9 44
45 53
14 19
77 12
10 40
52 75
60 45
8 36
33 9
48 44
15 30
38 9
40 58
49 58
77 74
78 61
48 7
52 81
47 73
16 17
21 70
54 30
66 1
18 45
46 14
69 74
68 31
6 30
4 76
9 68
40 2
22 32
34 31
72 18
20 33
7 40
63 11
60 9
48 27
62 78
7 33
10 27
21 64
45 74
11 41
59 85
22 54
81 83
5 55
81 79
78 3
14 18
57 84
9 69
7 77
44 78
47 7
64 4
63 46
32 80
54 66
80 32
3 21
45 53
60 16
63 81
24 59
34 20
28 36
66 40
70 76
66 77
64 36
9 48
79 83
83 35
62 42
6 68
2 50
77 39
21 53
15 80
43 37
50 34
21 75
63 74
66 50
52 69
61 1
55 14
85 41
49 13
27 69
35 39
40 45
72 18
71 4
65 71
20 84
76 52
15 20
52 5
35 38
82 10
16 78
42 80
7 52
65 50
1 26
78 70
48 54
40 10
73 81
17 74
53 66
30 26
54 23
56 81
15 53
55 72
15 7
72 66
29 9
85 17
17 40
53 58
43 10
66 40
34 22
61 7
68 74
30 41
31 60
62 17
42 78
27 6
77 76
3 73
31 34
51 85
40 63
17 8
40 33
8 10
71 26
60 70
74 3
54 16
26 15
23 24
68 71
42 34
72 55
83 58
67 7
64 46
14 39
34 80
11 1
54 39
20 73
55 16
36 59
27 44
57 63
32 82
84 44
48 85
16 49
18 43
14 76
83 82
73 33
52 32
51 63
39 35
35 9
10 55
47 81
29 8
35 33
61 69
81 25
66 50
31 28
76 36
49 26
57 35
71 63
69 75
46 83
42 82
78 13
72 76
26 48
47 10
15 42
8 15
48 57
62 36
4 82
66 67
8 34
51 51
56 9
9 16
5 69
43 15
3 3
53 81
21 42
54 68
75 76
34 62
57 27
33 68
12 41
18 25
63 39
31 23
7 44
17 74
22 1
14 7
25 17
74 56
34 28
9 37
15 72
54 35
11 7
48 48
24 25
58 75
5 37
80 61
10 38
34 67
18 43
37 72
80 3
11 10
24 75
34 72
79 1
37 42
64 83
80 11
29 63
24 71
46 39
15 70
43 23
12 49
84 32
60 53
81 69
45 20
33 8
66 76
21 39
45 44
73 16
47 80
77 48
17 17
16 68
63 81
20 65
80 59
13 79
15 10
48 22
27 62
61 50
28 85
39 62
21 27
63 7
69 83
71 82
63 72
82 80
59 47
85 58
40 75
19 50
37 52
63 2
73 51
20 59
48 53
15 20
45 47
56 17
82 25
59 44
68 79
31 44
81 52
64 55
38 15
62 41
36 36
12 13
9 13
76 73
69 67
15 70
39 55
34 61
11 40
25 65
78 33
68 72
24 14
57 62
22 77
58 75
79 34
62 13
14 41
54 63
24 46
2 67
58 72
61 4
68 53
57 11
62 41
19 33
68 69
57 77
31 62
47 66
9 81
12 77
58 42
75 13
2 42
84 28
40 15
27 17
67 39
10 43
81 63
4 70
43 55
34 9
73 48
72 24
41 2
23 63
84 75
45 50
38 68
51 5
62 40
36 78
26 16
53 14
39 2
14 38
22 74
62 13
35 12
84 62
79 11
21 36
82 53
84 17
29 13
8 1
80 74
64 7
76 50
38 27
60 81
82 67
21 17
68 26
28 41
80 47
16 26
38 52
55 44
53 70
30 69
39 14
17 66
82 23
41 83
6 7
63 83
69 42
47 35
80 61
2 35
11 79
71 55
81 34
11 54
26 82
39 4
36 77
63 35
22 60
71 19
60 46
23 70
5 34
8 26
62 85
1 47
81 15
29 26
8 68
14 74
74 27
3 19
36 2
74 27
65 68
51 20
67 13
5 2
4 3
13 64
44 14
36 27
28 25
43 39
39 64
9 33
12 59
65 60
14 22
2 23
11 10
64 84
44 27
45 34
51 7
74 56
29 15
41 78
10 79
44 29
70 10
74 58
38 12
22 80
46 22
21 36
82 37
13 82
68 31
56 49
44 76
23 85
83 73
47 73
59 36
75 62
62 57
4 1
7 30
37 34
62 52
15 13
34 56
85 21
68 1
7 40
50 42
17 64
82 1
7 82
77 26
1 39
38 52
26 37
70 16
50 10
52 25
51 57
85 75
75 79
34 37
43 68
8 50
33 84
5 73
11 69
7 63
14 34
40 7
34 70
38 14
73 14
27 20
73 84
73 76
61 55
18 19
67 7
25 46
78 67
64 44
75 28
46 48
79 83
48 51
21 31
16 1
24 15
18 23
38 77
45 51
68 52
8 33
73 53
79 78
62 69
22 1
10 16
51 71
66 14
57 55
72 40
26 52
18 67
31 12
81 43
48 53
67 4
54 71
24 3
62 34
10 20
5 30
61 77
2 62
46 82
43 53
66 80
85 84
75 63
10 48
5 16
83 21
57 65
14 37
59 19
34 34
22 69
28 35
17 22
50 52
36 38
44 27
24 26
41 34
34 25
47 53
8 54
68 80
70 49
20 38
33 32
13 83
55 70
43 85
14 28
48 2
38 61
75 84
15 35
37 19
16 63
78 72
82 29
1 68
41 75
54 7
64 1
55 72
17 8
64 74
30 1
14 16
45 80
84 66
77 35
4 45
6 39
25 16
16 7
51 55
19 9
77 38
22 34
48 79
52 85
39 57
48 85
12 84
37 69
85 21
43 22
82 47
18 29
36 43
78 81
46 37
84 19
25 6
44 13
47 24
44 84
24 84
65 21
58 83
68 50
26 36
11 15
28 18
55 70
25 9
75 26
65 70
51 65
68 79
63 55
20 57
30 85
5 70
84 4
42 74
51 48
83 61
4 17
23 7
21 35
13 16
37 72
62 51
60 67
56 76
62 7
21 42
81 50
34 52
76 40
21 6
57 49
77 82
54 16
34 37
23 13
83 34
5 1
29 66
28 78
28 23
79 79
15 31
82 68
13 15
23 31
50 56
62 44
13 37
31 20
27 15
71 54
81 67
26 8
85 85
73 69
85 67
32 82
10 3
38 63
31 25
40 36
17 75
71 70
2 69
71 69
50 77
75 84
44 30
31 55
52 51
4 16
10 7
61 66
55 80
26 7
74 14
85 8
15 54
35 42
50 60
22 52
24 35
21 35
31 40
44 45
45 6
41 68
30 63
17 19
26 58
64 46
15 34
79 55
13 1
19 3
53 55
79 13
81 10
9 53
74 40
16 35
10 50
54 81
51 20
59 84
13 46
80 72
6 44
41 53
19 67
37 47
55 51
23 23
54 13
2 76
59 10
74 63
19 85
69 1
42 43
57 2
17 40
29 70
48 85
84 75
83 75
4 13
78 35
27 7
29 24
32 47
17 4
59 65
14 27
61 30
78 30
62 9
39 50
64 68
34 59
28 50
39 75
34 85
77 76
18 41
5 42
80 41
42 74
32 45
21 20
73 37
38 47
4 67
79 16
34 16
3 79
49 15
64 50
19 71
30 23
16 17
68 76
29 50
80 51
64 77
23 52
14 63
38 67
80 79
7 64
71 77
60 77
73 75
74 79
8 35
61 14
53 61
44 25
47 29
8 12
66 42
2 41
74 27
84 55
68 59
32 33
37 82
71 24
37 22
72 3
81 4
14 13
40 73
14 13
35 21
66 32
44 65
21 46
9 21
32 14
57 44
65 36
43 34
10 8
56 55
14 58
8 50
55 60
26 60
58 54
10 31
3 49
53 81
60 58
71 14
12 66
58 13
16 29
13 23
81 74
85 57
30 28
57 39
27 63
69 57
43 47
20 26
13 79
74 50
54 36
78 64
7 71
5 55
4 24
33 61
42 42
3 22
30 12
17 8
5 7
26 80
45 76
16 61
53 48
14 84
20 1
4 19
59 56
56 29
20 8
3 79
54 26
83 14
55 33
6 43
85 39
57 85
55 28
21 68
62 44
41 24
19 27
21 73
19 80
39 74
56 64
69 51
40 47
51 32
13 48
1 20
2 6
37 55
63 14
47 26
79 22
36 35
65 79
82 42
56 69
42 15
57 36
24 3
74 78
71 64
69 69
51 75
60 85
17 81
14 36
50 44
81 14
19 50
46 6
81 40
18 28
82 42
53 40
33 2
35 84
57 33
2 39
69 50
75 64
20 69
66 66
61 24
64 5
57 27
19 12
31 19
27 82
13 29
31 76
76 37
78 66
23 17
18 43
80 45
54 66
29 75
75 8
57 83
85 13
63 79
77 18
58 17
57 10
82 47
18 74
38 58
37 20
71 35
19 8
57 37
63 36
85 56
27 73
85 4
55 51
37 2
21 5
21 77
59 52
76 63
40 65
6 19
64 20
20 3
38 50
3 53
63 41
22 77
75 25
55 82
27 84
36 2
72 50
24 77
45 15
47 71
78 9
9 5
78 3
78 73
61 82
36 74
78 54
67 16
28 63
35 22
78 25
82 53
24 77
73 26
49 41
15 4
73 50
67 63
12 31
80 43
75 37
7 51
64 2
32 31
39 22
80 1
6 81
37 70
55 66
77 20
80 11
51 34
2 7
17 31
39 28
41 31
20 28
52 17
1 16
76 53
1 45
21 28
11 24
67 78
84 53
60 77
83 8
22 16
57 12
24 49
7 43
29 54
51 16
1 55
54 51
31 33
18 39
60 75
17 48
12 1
73 48
78 47
66 28
19 3
1 83
70 48
81 72
77 26
23 17
49 82
30 12
32 38
67 50
4 77
8 40
16 85
66 33
4 82
57 14
53 29
24 41
43 49
67 20
13 58
84 20
43 18
51 54
56 70
81 54
72 11
75 9
19 48
66 47
81 40
61 76
23 68
14 17
71 76
1 44
19 72
44 28
30 42
4 25
2 76
33 85
48 76
73 42
56 59
28 14
32 40
59 16
1 78
29 33
16 29
67 35
27 15
53 17
45 40
51 68
79 67
64 21
2 3
5 49
3 57
79 46
76 33
13 16
31 83
41 78
26 26
1 49
67 73
42 19
24 29
77 18
77 80
19 10
74 81
20 63
41 49
4 11
38 16
70 36
76 7
20 33
68 17
26 8
48 31
74 39
64 31
31 3
9 11
81 2
13 9
34 24
63 25
52 51
73 34
62 72
73 52
19 45
52 1
47 40
58 41
36 54
35 27
4 15
25 29
46 4
63 84
25 76
57 41
8 64
24 9
7 71
45 65
8 66
49 64
29 11
69 65
70 13
53 6
29 85
30 39
51 80
33 54
31 61
19 53
33 47
62 34
73 60
74 44
78 18
72 84
2 79
19 9
22 49
49 85
26 22
22 48
63 12
16 12
69 69
84 83
34 16
8 83
63 58
77 12
68 51
82 71
13 52
25 55
31 14
71 46
22 55
51 11
3 62
54 56
51 56
54 10
2 41
11 44
15 35
23 19
69 32
28 81
3 32
43 74
22 69
27 16
64 23
50 30
5 84
2 71
32 57
40 76
53 78
36 67
28 82
20 53
43 11
60 47
19 73
39 45
48 53
27 81
6 55
45 64
71 31
47 80
48 55
75 83
6 16
38 9
9 27
56 2
35 14
16 32
40 5
73 15
33 71
40 37
63 63
71 14
77 81
65 62
25 30
32 26
16 53
43 69
54 76
45 75
48 37
64 63
68 39
1 57
25 34
24 63
43 78
5 17
26 5
48 2
36 37
49 55
27 63
25 26
25 45
77 82
83 45
64 83
79 35
73 13
32 77
50 5
72 84
69 22
2 12
17 60
8 43
19 4
22 63
30 2
57 84
85 71
12 65
30 84
74 21
78 7
14 12
54 51
43 13
73 48
3 68
69 59
53 48
12 72
27 41
48 41
53 79
53 30
3 51
10 18
68 57
71 17
17 46
85 11
37 47
5 52
70 32
74 80
52 45
67 59
65 83
60 17
18 83
57 57
52 16
39 12
59 69
74 45
44 62
51 81
68 23
31 18
29 27
18 82
72 24
17 44
30 38
33 22
22 11
57 62
71 26
54 27
60 22
74 37
9 84
21 80
5 23
31 81
45 24
47 70
76 7
48 48
29 23
49 26
25 30
21 25
53 39
25 26
21 42
28 3
40 24
52 85
73 81
20 63
25 7
37 11
1 11
14 30
82 83
53 43
9 85
13 76
33 26
77 63
42 78
26 23
48 64
57 7
7 56
67 66
6 17
66 45
21 4
30 20
37 69
19 10
16 72
20 32
46 13
71 68
25 31
85 73
73 59
71 14
74 54
78 45
62 69
73 19
27 74
13 28
81 12
78 74
26 54
80 32
81 1
66 18
68 8
60 71
25 50
70 71
50 4
12 26
13 20
28 80
19 6
14 47
17 4
11 52
79 83
72 29
85 4
26 20
71 23
71 1
68 50
63 13
70 41
7 57
59 42
15 85
16 45
7 10
29 22
54 60
