85 1127
55 85
47 8
71 59
41 43
78 2
25 1
45 23
77 40
39 2
19 63
21 62
13 5
21 49
4 58
6 47
66 39
52 74
78 56
14 80
7 25
5 66
13 73
43 32
36 37
11 2
47 71
66 1
69 76
7 17
38 76
77 54
54 83
54 67
37 38
80 34
16 8
44 83
66 24
71 18
55 63
46 14
41 69
70 25
49 56
12 54
14 54
45 81
65 25
62 74
76 68
56 2
48 23
9 54
44 11
6 4
11 14
22 18
71 71
71 3
9 82
48 23
25 30
53 4
27 13
1 46
52 64
58 69
64 50
27 48
62 76
49 18
11 77
80 61
75 25
7 24
68 23
9 26
81 12
23 2
15 62
18 1
71 85
62 70
1 24
60 32
20 66
11 8
13 8
33 5
75 60
20 52
66 44
12 22
16 63
34 47
40 50
12 26
29 78
34 12
70 80
36 81
32 52
69 7
38 24
82 78
52 25
69 53
76 2
56 79
49 9
25 68
3 20
23 19
74 47
52 78
35 13
24 43
79 37
52 58
40 36
58 60
66 37
56 85
20 49
20 34
13 29
52 45
83 53
55 32
13 52
17 72
22 32
56 45
17 38
73 33
80 78
55 20
10 57
3 81
12 72
49 5
39 62
73 43
52 49
36 15
75 41
24 14
3 41
48 26
38 85
19 23
25 48
49 43
71 61
1 63
58 78
83 53
42 21
76 51
43 76
32 69
66 63
78 14
15 70
9 35
37 55
23 37
60 52
69 77
10 85
47 15
53 72
31 47
66 41
39 14
37 21
75 67
1 50
82 56
30 52
43 22
34 8
77 46
49 17
64 48
53 48
81 52
45 6
23 54
65 22
11 54
38 21
80 33
21 82
57 4
38 44
7 1
47 19
32 67
5 78
83 78
46 56
75 38
13 39
68 39
78 3
72 42
67 39
55 19
55 77
53 20
10 52
68 13
10 50
28 79
46 65
11 20
41 16
32 12
83 68
20 33
19 39
37 23
39 70
18 14
28 59
67 18
60 77
59 39
67 36
20 64
52 13
39 1
50 21
27 16
64 26
77 52
7 72
45 2
16 19
81 35
78 20
83 41
27 70
36 42
20 53
81 10
12 79
74 52
40 48
39 53
81 11
67 8
80 56
16 32
38 40
67 80
1 51
74 11
68 60
21 12
53 22
57 77
60 30
27 14
60 50
77 46
23 26
38 51
15 50
65 41
78 24
67 45
60 7
85 65
60 71
5 48
50 8
39 47
9 10
78 8
77 78
51 6
11 70
48 17
59 80
2 48
46 69
5 64
6 51
66 45
31 32
72 18
24 43
62 3
77 28
29 10
52 69
76 35
20 8
80 63
30 62
47 33
84 10
75 41
14 65
36 12
67 83
59 29
68 52
67 35
33 44
36 64
74 18
83 23
82 78
81 76
45 10
69 20
14 60
52 34
1 30
49 73
22 11
26 46
21 55
64 20
6 54
50 28
62 64
30 38
82 47
13 53
4 81
54 39
60 83
20 81
13 69
18 41
67 27
85 11
59 48
12 11
18 48
29 40
16 17
82 64
10 15
10 56
63 21
59 83
83 24
69 78
9 65
12 72
53 78
17 24
20 38
24 24
24 7
71 48
23 1
48 49
2 31
51 47
78 59
3 19
6 73
49 72
71 43
49 74
19 62
38 79
77 7
79 76
2 35
70 71
37 28
64 26
2 10
79 56
32 57
46 16
72 34
67 52
29 1
47 83
26 81
33 69
63 78
56 64
76 18
14 24
57 81
3 36
17 76
47 53
32 15
41 78
74 84
33 73
50 76
43 13
27 22
21 84
23 48
32 56
47 1
69 61
79 72
21 38
74 45
3 74
18 79
84 85
81 57
33 3
85 41
15 37
37 60
78 24
42 69
35 82
39 28
72 62
13 14
6 36
49 26
3 56
9 27
85 47
53 31
78 76
45 65
18 77
49 23
30 72
77 53
36 50
65 47
40 61
21 61
50 82
8 36
71 43
68 31
33 22
58 82
19 83
7 74
8 18
32 74
55 7
40 11
76 40
30 84
38 33
12 85
17 19
80 85
27 63
1 27
28 30
10 63
13 53
48 55
14 85
63 71
82 64
55 12
19 11
73 36
19 18
18 14
60 33
32 6
83 84
79 46
76 9
16 77
56 83
72 49
13 1
65 78
12 72
76 54
55 51
55 1
23 84
29 47
60 18
31 9
77 15
22 10
41 71
74 49
28 40
70 28
51 43
69 67
47 19
53 22
22 40
69 29
63 25
76 14
62 84
12 42
29 3
13 24
32 78
75 71
26 72
27 64
38 26
39 4
20 83
64 28
85 75
15 79
73 1
17 58
54 48
13 3
50 6
65 79
60 64
14 12
36 52
16 73
83 24
3 19
69 2
57 73
59 3
28 18
39 27
10 39
10 26
49 83
49 51
21 55
81 26
34 34
3 10
21 28
70 28
49 20
1 7
65 41
85 56
4 4
43 59
79 42
64 57
30 80
30 62
18 58
42 51
1 79
58 82
25 2
44 34
33 81
59 15
35 48
40 2
32 61
47 35
81 85
41 54
10 44
7 32
22 39
45 14
13 39
81 50
12 82
76 1
85 58
26 50
36 8
84 40
50 36
65 2
82 28
51 60
66 18
85 20
84 6
53 9
18 56
8 16
46 30
16 19
12 50
35 37
57 65
68 31
14 26
80 77
62 45
22 40
38 78
85 70
84 67
60 50
26 52
79 68
65 5
42 52
28 29
16 52
39 35
43 54
32 32
81 61
85 68
39 47
41 42
46 79
67 46
6 68
66 71
34 61
47 11
20 71
24 82
36 70
7 7
8 22
15 53
25 79
1 43
8 10
84 16
61 55
39 38
74 83
62 63
47 5
54 25
18 7
81 36
85 4
28 39
76 62
23 80
8 25
84 62
31 75
24 58
19 32
2 25
9 78
41 59
6 19
18 78
9 50
46 12
78 8
41 35
48 52
51 53
4 71
11 58
34 9
37 8
75 25
41 44
55 38
8 81
18 35
85 48
78 11
83 35
69 4
25 41
58 4
30 36
43 80
54 64
10 50
20 37
8 76
72 64
19 81
30 62
30 53
14 41
45 47
79 40
33 24
41 32
13 55
78 84
74 63
57 1
29 17
61 14
75 39
8 69
36 74
68 11
43 55
32 4
15 20
25 84
40 84
26 84
61 13
38 32
19 57
75 17
62 28
54 55
34 6
16 12
58 57
15 58
21 7
24 31
40 8
16 46
43 54
38 73
45 66
71 10
59 84
36 19
70 80
44 57
32 52
50 34
26 32
42 31
25 26
45 13
73 52
42 53
46 43
9 62
47 30
15 10
48 18
36 57
85 2
48 81
14 21
18 76
83 47
83 4
83 2
18 30
14 25
26 57
62 57
82 84
13 17
69 61
58 58
84 25
43 10
22 11
63 38
84 51
18 28
50 46
60 60
82 4
47 61
82 2
73 85
58 61
44 18
29 16
47 4
60 45
38 27
25 23
57 83
28 16
74 73
44 48
2 11
30 85
7 43
46 82
67 55
76 56
60 30
6 18
23 61
58 39
68 21
54 71
11 76
52 84
62 73
60 65
49 32
37 54
52 25
28 14
44 51
63 61
55 5
47 76
44 35
38 74
74 9
78 19
35 8
61 42
31 49
28 61
11 26
26 49
79 68
75 63
10 51
29 42
11 76
6 65
10 56
6 58
30 52
49 24
79 17
85 32
21 28
24 77
46 52
41 50
11 25
81 20
70 60
67 62
24 37
55 25
85 66
7 3
25 47
20 62
15 15
67 41
60 40
60 22
68 20
41 53
16 4
48 8
79 24
14 74
52 69
3 70
14 33
42 59
8 64
22 22
25 66
78 71
77 33
39 50
82 39
28 26
38 37
38 60
32 39
46 44
83 57
18 57
24 76
68 11
43 6
24 79
84 5
60 52
77 45
13 14
21 70
1 79
50 27
8 31
16 17
82 36
51 63
78 5
8 1
85 40
57 79
53 66
9 30
37 16
49 33
53 57
80 18
85 39
56 15
59 24
43 20
40 48
48 68
50 9
37 62
6 43
4 26
33 19
50 69
75 49
17 43
81 16
82 65
66 46
49 83
61 53
8 53
8 4
24 56
78 34
68 32
37 62
84 16
73 11
1 31
28 42
76 39
80 65
29 79
65 40
10 21
70 37
25 59
70 13
49 56
30 76
64 45
48 23
58 14
51 22
2 22
43 27
52 76
11 71
59 82
35 63
34 50
78 18
8 49
13 30
8 19
46 44
84 51
74 39
60 27
32 27
34 44
55 7
18 41
69 63
24 34
53 84
79 53
57 31
5 18
6 24
73 25
31 50
67 66
64 23
82 68
62 36
4 83
39 45
75 81
40 26
79 50
69 48
3 44
81 61
76 69
1 20
63 75
39 29
48 4
52 74
64 27
75 10
37 23
57 3
58 49
32 19
52 56
30 37
36 43
33 45
76 36
37 17
82 2
59 83
70 17
70 8
58 53
28 31
15 69
81 55
2 57
42 11
34 48
52 25
57 72
27 40
40 72
65 27
55 27
14 6
60 69
21 39
65 85
25 47
41 69
82 54
15 52
47 6
82 45
80 83
60 74
71 54
53 19
34 79
61 35
58 54
79 24
20 10
72 24
19 84
58 26
74 33
23 68
83 45
50 6
58 84
26 37
21 48
43 39
22 85
85 41
30 10
71 65
51 36
56 32
26 34
18 52
26 41
27 18
82 34
15 44
14 43
11 80
53 14
72 65
60 60
14 65
80 73
33 64
14 78
65 16
81 38
8 28
75 15
55 29
80 42
20 44
58 77
13 72
63 69
40 54
52 76
64 46
42 13
12 1
62 65
8 62
28 16
42 30
62 33
42 64
4 6
32 39
2 18
65 15
54 26
73 77
70 5
12 55
24 18
65 9
7 73
81 43
70 11
57 36
78 18
77 4
15 23
29 7
40 53
59 38
47 70
49 57
15 76
7 80
25 11
46 34
41 17
41 50
6 15
42 1
3 35
70 31
80 18
80 75
24 85
84 25
84 2
23 27
83 63
17 31
