99 2860
77 71
37 28
50 76
10 7
14 41
68 70
41 46
98 8
68 52
41 79
79 7
79 20
60 50
21 9
97 77
45 13
19 58
75 93
48 45
24 88
72 78
89 39
91 38
37 97
44 25
60 62
87 35
37 93
29 6
85 56
63 3
38 23
50 25
32 7
60 82
34 48
18 43
2 29
95 3
1 20
66 56
75 61
82 38
90 74
75 21
51 83
55 5
9 77
92 23
65 71
75 86
83 96
24 71
6 95
27 6
15 26
29 35
5 63
97 30
22 27
99 22
32 76
49 16
72 29
18 86
58 50
79 85
91 52
8 79
28 57
59 48
77 71
76 43
93 10
67 59
87 24
43 20
63 82
17 6
11 43
42 34
16 71
54 44
50 43
38 73
15 90
60 67
64 28
1 38
7 7
24 5
12 49
94 11
5 8
25 75
84 91
31 69
61 15
80 62
23 6
27 37
35 30
95 29
14 70
38 67
29 14
93 83
95 93
91 72
33 16
37 63
22 56
93 81
43 25
32 71
41 88
33 44
77 70
30 40
44 85
72 62
68 57
3 45
7 59
18 70
50 33
14 40
23 27
88 43
30 3
83 38
13 46
67 49
57 67
21 40
40 69
35 35
57 16
69 76
89 56
3 50
79 43
16 11
59 8
20 10
15 8
4 66
17 45
79 94
5 33
27 97
60 29
5 87
46 32
15 91
58 7
25 47
66 88
94 15
77 6
40 24
8 63
58 91
2 61
72 4
78 39
1 25
36 78
6 2
9 4
53 49
96 39
7 78
77 72
7 29
92 42
46 11
44 50
14 83
90 77
92 86
55 22
92 59
70 41
9 43
41 92
95 34
65 94
20 43
2 57
95 60
94 46
83 79
82 5
28 47
77 87
36 36
36 70
48 78
36 51
34 68
60 19
53 68
92 18
83 27
48 64
10 52
43 55
45 25
1 28
60 22
27 95
42 30
39 36
13 93
80 51
47 10
8 59
29 9
80 69
60 3
52 73
91 82
69 16
68 25
98 75
62 82
77 13
99 32
12 31
27 49
22 93
60 92
43 52
27 46
2 14
63 22
65 26
79 62
78 86
41 45
98 68
87 35
38 62
43 86
18 23
30 22
49 41
32 18
50 94
47 7
4 31
50 26
65 22
11 39
45 34
93 30
45 81
83 23
90 73
55 25
43 43
54 29
24 63
67 76
34 44
84 48
2 5
27 36
51 18
18 92
19 33
8 13
5 51
92 24
86 89
65 64
97 78
32 15
81 41
22 43
22 16
33 64
84 31
45 61
40 35
31 39
18 68
9 9
64 74
59 46
53 59
48 4
14 77
92 63
25 65
94 76
62 84
83 85
15 15
4 92
76 50
76 25
32 36
69 21
35 5
20 38
86 41
26 27
42 48
60 90
34 33
31 18
27 86
22 74
24 69
49 6
23 99
78 38
28 40
12 31
46 57
13 77
55 4
68 4
58 57
58 48
56 55
26 95
7 14
32 25
19 18
74 64
64 80
57 92
40 90
2 10
55 6
68 79
1 27
92 85
59 29
4 21
15 49
20 21
19 22
94 71
73 93
20 9
11 48
31 45
74 14
53 12
34 82
15 92
34 97
60 8
63 52
14 29
1 40
99 89
95 23
88 79
39 39
70 72
89 19
13 77
10 40
27 73
83 81
79 99
42 12
83 96
11 70
2 25
80 67
1 81
99 89
87 47
33 5
60 68
52 65
15 16
97 11
30 19
19 54
85 20
78 77
18 56
63 85
76 98
89 75
3 61
9 52
62 12
50 53
69 94
71 23
45 14
62 76
19 53
82 11
53 2
73 8
66 75
6 65
44 73
38 21
34 79
26 3
82 40
54 53
27 32
43 85
7 60
94 98
93 68
39 25
97 34
26 29
80 31
43 30
9 7
5 67
70 68
73 91
11 36
79 85
5 51
84 4
6 82
65 45
2 40
72 23
32 35
7 75
58 81
3 62
70 86
42 89
33 44
99 28
12 38
35 39
24 99
32 91
36 36
9 95
41 28
89 95
69 61
63 90
44 69
36 5
26 43
76 72
88 12
70 81
43 18
1 11
54 16
49 20
96 15
38 38
51 76
18 93
16 2
9 28
28 24
14 58
70 35
3 6
56 55
75 81
60 80
29 11
9 19
17 19
78 49
35 71
22 16
8 23
73 79
31 50
49 56
29 82
93 57
89 95
95 47
27 14
16 69
42 53
49 13
41 80
71 97
52 1
89 55
33 52
46 53
89 28
92 64
97 98
84 38
76 51
18 42
56 27
61 57
34 67
84 85
45 53
61 58
17 44
36 95
88 8
31 15
15 43
89 29
57 84
26 41
73 93
77 79
21 27
41 54
75 87
70 13
79 44
31 60
25 25
90 18
87 74
22 89
12 86
20 14
65 80
1 65
66 55
78 84
95 80
97 5
4 61
8 51
13 25
61 69
48 81
32 87
69 2
12 41
55 58
8 71
4 83
86 42
11 72
70 64
82 13
72 87
29 41
47 42
39 22
28 86
27 55
80 56
95 91
87 64
90 68
28 34
75 51
59 37
34 98
50 11
98 8
3 15
36 90
83 13
68 21
6 43
74 3
8 58
46 10
37 87
38 34
97 21
5 1
91 53
34 89
60 4
88 11
23 33
78 85
59 72
40 70
65 8
76 84
30 13
23 79
40 77
88 83
85 34
39 8
50 24
83 13
93 3
18 24
61 23
83 7
65 17
10 75
73 84
89 76
13 23
54 84
77 31
3 55
1 61
46 8
4 21
24 48
84 53
70 12
47 4
48 46
38 27
57 1
93 9
44 58
66 78
88 66
25 80
18 94
8 75
15 95
13 46
71 80
20 86
57 95
5 21
44 7
61 64
83 70
88 51
39 22
48 51
91 28
54 94
38 60
11 31
60 26
39 40
13 7
30 18
6 56
55 63
14 98
64 79
12 70
17 20
46 67
62 96
54 31
37 75
42 15
64 68
15 13
38 74
7 31
92 45
69 37
18 48
71 42
25 3
87 43
30 53
15 6
61 57
93 93
39 57
79 36
69 14
34 27
63 56
82 69
32 52
22 36
6 27
3 67
67 52
77 89
84 25
56 57
41 58
41 98
24 12
73 7
73 74
96 4
64 27
44 46
22 6
60 13
34 89
64 14
62 29
69 74
26 46
61 48
50 9
54 85
52 44
17 21
70 46
3 33
88 64
65 93
78 59
1 88
8 58
87 28
27 20
74 19
1 57
90 20
78 6
13 50
80 94
77 80
1 5
71 67
80 76
91 56
69 48
81 40
35 87
74 68
28 93
26 1
51 37
76 17
64 25
15 54
64 34
89 2
55 13
49 16
80 8
43 84
5 95
66 6
19 70
96 4
75 5
77 64
17 97
21 98
95 31
84 13
53 70
64 3
66 18
99 49
28 40
7 43
46 4
38 83
56 30
1 10
27 92
5 8
35 85
1 32
5 70
65 4
95 49
83 15
18 51
10 96
54 84
46 99
97 63
2 29
46 27
4 70
90 80
7 87
36 79
64 89
69 76
24 64
37 45
99 80
37 26
90 47
94 90
94 38
14 49
83 58
80 55
94 83
17 75
5 25
52 96
31 60
18 62
48 88
17 69
37 49
99 44
71 47
75 38
57 44
94 19
33 47
49 43
35 53
5 69
38 97
10 86
90 35
23 32
47 31
78 67
94 78
30 90
5 7
22 46
13 21
85 16
22 30
41 53
57 93
99 40
70 41
32 31
10 20
5 68
54 9
52 19
39 39
95 32
65 89
56 64
9 73
80 66
41 2
37 81
66 26
96 46
89 52
40 50
21 28
30 42
20 93
72 39
13 10
14 21
50 25
98 77
68 23
21 82
6 15
21 60
39 85
34 35
2 87
51 94
32 80
13 7
24 20
68 75
28 76
47 96
78 94
63 6
82 94
92 60
52 82
68 57
23 14
96 34
37 61
79 53
22 12
14 98
60 78
67 12
67 36
7 78
90 47
64 5
18 26
31 78
39 76
54 68
40 63
22 57
46 49
37 46
42 61
41 42
49 24
89 65
89 94
47 75
46 84
11 61
10 62
19 4
47 30
49 32
81 92
86 4
2 84
29 29
15 80
50 42
32 64
57 86
22 69
75 74
31 72
9 98
68 60
80 84
76 33
23 16
12 73
20 57
99 61
64 90
34 30
41 92
70 72
84 64
65 83
39 52
52 32
62 74
72 84
92 53
53 36
40 22
65 85
95 81
56 30
43 58
68 78
63 66
51 78
87 16
90 71
37 68
36 46
71 79
75 8
78 28
21 48
61 89
53 19
34 30
11 6
64 88
54 5
9 24
80 70
75 98
40 77
14 65
33 57
33 40
3 17
5 12
49 39
48 90
52 68
4 39
24 58
23 75
2 97
24 11
86 97
55 99
33 56
61 72
13 66
42 16
48 1
86 89
27 37
54 30
16 45
19 28
77 19
11 46
94 54
95 56
19 69
32 44
54 67
16 1
71 32
88 3
81 63
86 35
64 30
33 51
66 65
41 1
74 78
18 62
84 83
59 69
51 52
6 90
65 84
65 46
23 77
60 29
43 16
16 1
96 64
34 26
1 55
80 46
45 84
32 21
99 98
98 52
78 72
75 30
95 88
39 90
5 78
43 58
42 82
29 27
77 49
3 66
83 52
89 38
34 47
34 52
36 27
42 84
14 18
36 88
49 69
16 2
75 76
16 88
64 88
29 37
85 48
82 16
58 99
72 35
12 36
5 22
64 5
68 32
98 34
77 29
2 28
23 25
16 69
59 52
65 78
66 42
17 87
15 52
31 53
77 76
72 77
22 27
26 73
97 46
90 25
89 45
98 73
32 96
29 12
49 16
71 98
37 31
94 52
35 88
87 75
1 89
27 58
57 5
34 90
2 63
72 55
57 70
59 24
62 36
41 24
55 80
82 9
86 84
62 85
78 72
82 41
85 86
14 26
83 20
72 18
98 98
46 49
64 64
75 8
80 46
96 79
48 79
70 76
2 61
81 91
74 83
41 34
23 61
86 85
66 77
99 26
50 59
39 90
88 28
9 62
99 13
64 16
94 84
77 78
24 9
40 34
51 39
64 44
46 93
28 2
71 14
46 99
69 32
97 20
7 93
93 35
79 7
36 25
54 1
18 3
35 56
48 33
34 89
20 74
41 47
38 1
58 98
11 30
12 90
91 40
90 30
36 82
28 87
22 65
89 63
80 45
67 19
32 72
43 18
51 36
36 70
41 65
86 39
65 17
83 89
12 14
11 37
16 68
97 92
58 47
56 48
22 10
97 96
46 91
97 44
72 48
12 95
80 40
11 76
57 70
36 72
69 59
33 51
82 69
88 48
98 45
8 60
73 13
51 71
64 91
12 21
68 41
88 40
23 25
82 81
1 10
66 62
3 60
23 45
55 69
51 63
22 90
92 43
37 77
2 12
82 31
97 37
1 52
39 5
58 84
51 65
84 64
21 71
66 51
39 21
33 62
76 30
28 76
61 70
87 38
65 69
18 31
64 14
94 34
82 74
96 41
61 72
70 73
90 93
39 36
39 19
76 51
9 28
38 52
55 56
71 38
8 80
9 69
18 8
54 39
81 22
71 72
56 76
88 83
15 6
21 68
78 13
26 48
34 20
95 31
17 40
7 29
42 67
19 83
60 10
52 39
47 99
35 21
74 92
44 51
80 73
35 69
6 10
90 74
88 50
66 81
83 5
83 72
28 34
30 71
92 45
35 8
41 48
65 85
53 66
12 44
20 43
26 14
71 53
52 63
52 51
37 31
88 63
61 39
70 69
48 87
10 72
19 32
65 86
60 24
25 77
41 37
11 46
58 38
19 21
61 54
57 38
18 70
65 62
76 11
24 49
98 50
4 86
92 8
74 28
39 57
19 41
50 15
81 97
22 39
90 21
45 95
76 11
37 47
41 85
34 75
86 31
33 34
67 16
18 38
66 60
44 62
63 8
30 73
5 1
25 70
24 1
2 50
33 53
51 69
41 47
11 34
6 58
20 73
85 23
27 38
86 61
40 74
81 60
46 15
2 39
1 48
55 39
97 83
96 35
31 3
87 1
55 94
77 56
52 63
45 4
27 31
29 92
12 91
93 18
33 54
37 81
2 44
16 52
75 75
83 8
75 74
1 31
90 73
38 38
46 57
22 91
91 49
33 97
65 68
18 31
95 14
27 83
3 93
37 87
45 13
58 9
3 67
94 56
8 1
77 99
36 65
98 51
70 36
84 7
32 22
67 88
16 23
31 80
2 87
43 27
94 92
28 61
52 30
84 33
73 12
31 20
81 64
46 82
83 42
19 34
62 25
54 10
42 27
58 97
19 78
57 89
76 21
51 69
88 64
76 46
24 52
76 64
62 82
38 20
24 29
15 76
29 13
85 52
99 74
61 39
94 78
98 26
22 14
31 24
91 35
80 22
67 78
44 83
79 12
40 33
55 65
98 18
28 79
67 7
80 26
43 97
91 57
85 23
30 95
20 1
71 65
97 15
84 54
8 8
58 3
20 24
14 32
47 26
75 74
2 94
53 51
52 49
95 44
30 99
72 2
15 57
53 36
30 19
28 54
91 56
45 65
39 32
7 18
79 50
11 14
86 76
55 29
81 52
12 31
44 14
93 73
58 39
88 90
72 58
22 62
61 32
5 68
55 30
16 23
63 27
94 65
18 45
96 46
76 52
70 63
34 51
8 67
43 72
46 29
21 93
62 70
33 20
30 40
25 21
89 51
15 76
8 62
87 29
60 4
24 77
21 52
3 38
4 43
8 69
22 13
65 21
18 82
69 92
30 68
2 49
54 24
94 2
56 92
85 87
97 5
58 41
36 63
53 32
41 74
35 28
32 61
94 68
28 10
80 4
39 1
32 86
3 65
11 95
66 10
97 20
39 67
65 40
9 25
84 23
50 41
60 30
11 53
92 98
5 71
22 92
12 45
65 45
6 12
20 27
85 18
8 54
78 19
74 58
56 23
87 41
36 35
59 38
19 29
40 11
31 99
97 84
27 64
45 68
98 9
22 55
83 89
93 58
86 91
58 58
18 3
57 45
71 55
60 4
37 84
16 37
63 36
54 88
79 86
8 33
94 10
69 23
53 51
35 28
6 32
44 93
51 69
79 32
6 11
33 61
67 77
97 42
29 26
91 95
95 95
93 54
76 80
56 56
8 88
5 1
49 92
1 98
39 86
43 30
55 21
98 28
36 27
53 29
25 30
53 83
13 34
35 77
98 94
24 64
83 49
71 42
99 39
46 91
84 80
28 5
13 14
25 8
88 7
54 32
27 16
28 14
98 9
64 85
87 33
65 43
36 38
5 55
18 41
42 76
14 32
14 53
39 28
21 87
93 53
66 22
74 61
54 33
39 79
8 91
41 89
14 74
46 22
68 77
31 82
2 42
72 83
76 11
70 8
49 40
41 60
53 2
83 52
18 69
41 70
89 48
31 64
55 18
16 23
23 81
39 53
80 61
32 40
89 44
11 13
18 20
43 84
72 10
41 84
46 40
36 61
32 38
99 69
20 25
66 29
27 69
16 55
84 89
82 59
22 53
41 5
78 67
35 38
81 19
6 65
20 43
76 94
53 81
60 25
83 27
45 79
36 82
6 98
65 68
37 63
42 75
9 61
32 9
72 93
35 38
7 8
62 61
35 71
67 32
98 60
71 40
16 78
1 97
26 3
20 24
30 32
10 81
38 65
27 51
31 82
79 7
48 37
48 61
8 49
86 76
73 14
53 67
68 88
71 21
63 95
95 65
18 6
89 76
22 13
58 90
13 99
67 1
4 86
92 99
13 49
22 36
14 35
48 93
15 31
92 95
79 18
82 87
80 81
38 97
27 5
65 4
39 93
39 32
20 97
62 7
89 48
76 69
22 81
21 89
87 86
6 1
7 14
20 69
18 20
6 21
88 54
36 51
52 76
36 45
15 25
70 9
98 85
55 66
71 21
81 9
40 94
52 47
48 43
94 73
52 36
48 54
16 81
8 82
18 18
96 18
78 28
76 9
25 57
54 51
7 27
90 89
48 56
66 81
79 71
39 47
27 9
12 38
93 21
61 27
24 46
54 65
70 80
84 95
71 20
73 84
45 89
52 57
10 30
82 84
49 73
31 22
10 73
40 49
73 11
25 1
79 50
43 33
27 60
50 44
66 91
4 60
76 3
18 18
46 33
31 70
75 35
99 15
86 26
76 1
79 3
75 3
13 77
88 6
53 59
70 13
60 45
36 6
63 68
87 64
98 44
37 89
52 51
17 27
69 21
58 38
9 55
33 18
81 38
17 97
26 74
94 44
21 16
58 84
35 4
9 72
32 1
26 25
39 26
3 41
87 72
22 39
32 36
70 14
56 95
52 62
94 17
16 66
42 99
52 92
98 32
71 2
29 98
17 93
75 70
24 28
97 56
99 19
86 25
2 45
35 78
11 82
80 3
72 88
39 47
1 63
31 84
19 99
1 93
29 52
65 10
95 42
71 5
19 28
88 8
90 48
36 70
10 79
76 59
54 9
48 73
79 61
78 4
34 93
73 1
74 83
89 75
77 20
10 9
8 46
20 82
47 43
99 18
61 7
48 25
95 6
27 51
64 86
64 42
52 99
99 94
66 10
98 9
79 83
30 22
87 91
38 55
27 39
89 25
75 53
31 44
75 45
55 9
27 72
79 59
52 13
53 11
11 87
15 59
52 42
74 54
79 19
71 42
37 24
86 53
60 41
36 72
24 76
36 40
35 90
87 28
64 19
29 40
16 7
32 87
1 85
5 77
1 10
20 66
25 73
99 28
16 28
40 75
15 32
92 95
52 43
24 24
59 82
42 36
80 90
19 64
71 88
6 23
63 87
55 64
89 46
55 31
46 6
98 27
71 29
71 83
42 67
99 39
60 56
32 13
5 98
12 67
60 12
84 77
77 8
20 78
75 86
2 4
45 99
34 10
59 71
40 73
64 35
90 72
35 76
61 39
84 25
22 85
9 99
70 91
51 57
32 62
73 22
15 48
8 70
45 18
96 43
86 93
72 53
51 29
96 61
11 47
11 94
31 16
6 81
13 71
88 61
77 78
22 65
83 23
26 13
97 54
44 19
24 33
21 62
4 29
8 18
84 26
73 72
92 66
88 69
84 87
91 76
17 98
5 12
25 50
86 55
33 29
13 50
85 37
58 38
44 95
78 32
9 27
59 53
34 52
37 60
79 63
56 95
81 3
55 43
76 8
75 62
60 63
57 77
25 15
31 90
38 67
61 78
34 58
51 66
51 99
84 38
16 88
79 47
72 83
52 25
96 36
71 30
65 89
81 27
21 30
82 62
28 88
59 15
27 86
28 78
15 45
4 66
28 8
50 89
68 41
20 8
67 30
55 92
5 45
34 5
71 10
53 32
21 14
23 82
81 42
69 89
67 30
21 97
77 25
60 21
13 81
33 25
90 49
3 16
4 80
14 4
97 37
79 12
3 8
46 10
11 11
46 32
20 11
5 66
46 6
91 68
27 27
10 94
90 11
83 1
61 54
63 3
41 57
94 49
27 43
73 5
49 40
30 74
58 49
72 91
38 73
30 98
98 5
16 21
15 89
68 81
52 33
71 61
68 73
30 27
20 4
92 64
57 34
88 19
41 20
88 76
77 11
52 8
94 52
65 89
31 22
22 31
15 95
77 27
64 49
15 59
82 79
43 67
12 58
84 3
95 4
62 10
13 60
36 32
45 15
19 73
31 2
10 49
67 29
66 28
37 5
71 97
81 74
7 76
15 39
83 97
23 91
53 64
13 25
53 36
59 50
80 27
24 84
88 77
95 28
66 80
19 25
23 24
61 98
14 42
89 59
38 9
96 84
65 96
69 65
73 23
15 25
8 93
47 83
15 87
57 98
58 83
59 48
84 60
36 72
41 95
79 61
7 76
61 92
49 47
94 3
63 28
61 12
98 94
54 71
43 87
84 56
65 20
33 75
74 58
90 25
13 54
55 49
40 73
32 36
4 42
22 16
87 22
21 95
2 41
25 81
25 16
77 24
61 56
36 66
4 6
83 95
3 19
2 84
86 11
98 42
75 90
11 45
5 10
86 71
12 27
57 3
5 53
14 35
62 48
85 41
81 25
45 32
24 75
31 88
92 31
21 51
54 89
39 90
74 30
25 41
68 29
73 89
29 7
37 34
35 28
23 76
13 73
76 94
44 93
76 43
1 11
31 9
79 15
5 7
49 57
74 17
61 9
18 53
37 22
66 72
92 20
7 11
99 38
51 47
75 30
91 86
49 62
34 73
38 30
34 16
80 1
42 22
26 15
53 60
67 78
91 12
91 28
22 43
43 49
15 68
74 21
51 20
75 32
3 13
62 83
68 91
16 99
12 87
43 78
69 41
53 88
73 23
41 40
73 27
38 62
85 43
47 90
57 3
12 2
87 98
32 5
75 69
2 32
35 52
42 13
73 84
28 2
46 87
92 33
88 80
80 74
49 67
46 47
26 51
87 84
8 20
72 14
41 49
77 11
37 67
96 20
98 39
19 97
17 94
47 64
15 80
56 12
70 45
71 81
1 44
31 30
53 68
58 9
77 82
82 78
16 92
33 82
95 12
51 95
60 43
50 75
25 57
56 37
79 91
67 69
45 20
65 23
88 50
9 74
16 84
52 18
39 96
18 69
40 69
48 45
27 41
95 93
11 9
61 48
83 29
26 73
44 73
11 81
49 77
90 81
9 30
21 41
48 57
67 33
29 39
28 31
40 9
25 33
86 87
55 76
58 89
89 39
7 60
84 57
42 71
19 82
32 50
15 96
56 61
47 12
78 4
7 74
89 70
24 86
87 6
13 87
50 18
43 93
61 96
2 38
45 66
54 16
83 40
61 68
46 7
64 28
31 12
96 29
41 64
28 36
74 35
10 81
82 63
20 51
59 56
73 45
11 3
4 3
82 50
83 74
74 98
77 84
49 64
8 82
32 37
18 45
26 10
18 92
46 86
2 12
74 75
7 32
61 32
23 53
68 91
1 65
70 53
90 75
16 26
46 58
71 44
22 64
46 18
5 89
6 60
15 56
99 44
9 91
90 14
12 54
7 36
29 26
34 95
53 72
37 22
18 13
39 48
15 25
55 11
35 78
97 62
33 53
55 16
79 46
66 17
20 85
80 12
83 80
36 61
63 36
41 31
19 39
87 26
18 45
1 98
72 92
28 81
77 52
76 5
18 56
25 21
42 4
97 11
73 80
22 91
65 11
76 97
49 63
41 61
1 29
52 51
73 7
78 17
17 89
26 80
19 14
78 14
20 54
85 79
7 17
7 40
51 23
17 22
2 43
95 44
77 61
95 95
95 27
99 77
64 86
85 74
76 47
9 93
43 67
94 28
87 13
76 71
58 85
53 64
68 75
21 78
12 14
46 20
91 92
16 77
82 45
59 76
80 17
68 67
47 54
99 22
17 25
92 54
72 94
3 45
36 88
55 75
12 41
34 72
10 82
21 46
80 57
74 37
16 21
85 51
14 13
92 89
91 47
85 73
24 33
2 43
89 46
10 58
35 82
16 58
96 2
84 19
13 92
79 64
64 88
56 70
74 25
88 17
9 7
59 17
92 64
10 97
11 46
69 55
83 62
68 44
96 96
43 39
81 13
42 26
8 85
50 61
4 56
28 50
57 63
88 83
5 39
7 6
77 21
89 7
8 90
90 56
48 45
9 63
35 57
56 51
23 11
9 66
27 58
69 92
28 14
19 86
32 90
97 26
64 37
97 62
3 57
3 78
90 59
66 55
71 51
34 27
82 98
47 42
13 66
94 10
6 85
71 42
93 38
4 74
46 95
91 79
14 40
48 54
54 88
67 87
32 10
13 98
58 16
47 51
78 98
7 27
70 46
36 79
56 83
75 27
89 30
45 28
32 3
90 88
73 11
41 44
8 23
49 72
17 67
70 63
88 58
34 25
6 92
73 35
34 17
78 20
60 12
98 82
93 89
18 42
73 44
84 17
33 72
23 14
23 88
41 64
53 34
20 47
83 57
22 55
85 7
4 47
23 45
69 33
81 30
38 40
80 38
67 7
93 23
35 47
38 49
63 44
30 99
36 97
79 7
83 97
18 11
64 64
36 68
43 72
29 40
78 62
14 77
34 24
18 23
9 58
19 58
9 3
25 10
71 34
62 45
39 28
85 68
92 84
56 54
78 9
14 17
94 49
93 80
97 90
84 3
87 86
22 54
22 50
87 8
42 78
98 9
37 21
88 6
46 79
36 9
5 55
61 48
58 3
34 2
44 36
17 80
41 38
98 10
20 8
18 17
80 12
52 65
3 59
75 31
3 83
27 74
26 37
41 95
67 81
47 27
32 98
86 57
56 73
97 36
89 3
59 49
44 72
83 22
26 38
38 39
61 87
76 29
18 86
74 16
37 6
42 80
89 26
12 20
44 14
63 75
93 74
5 97
12 59
50 16
74 61
21 4
42 42
28 79
23 47
24 43
9 52
24 17
19 78
55 37
37 42
40 5
62 69
94 41
83 32
5 23
85 39
11 92
90 59
20 71
61 72
5 1
42 60
95 27
94 20
30 64
89 95
67 37
99 45
12 42
81 7
1 51
67 95
43 50
73 7
95 85
24 22
73 90
22 27
58 38
62 30
95 40
77 76
79 19
81 68
90 51
50 59
83 40
4 61
97 6
73 16
84 35
69 68
40 5
52 9
6 8
36 92
55 87
99 43
10 28
57 15
11 95
56 29
1 69
47 76
6 77
3 74
21 66
34 92
53 16
62 21
32 30
9 4
62 13
76 12
89 82
45 68
99 94
86 10
91 49
21 90
43 62
92 31
32 62
23 81
16 84
98 38
29 33
40 67
