36 96
30 17
18 22
18 17
2 21
34 11
13 15
32 1
31 30
13 10
16 32
5 20
27 23
32 35
8 18
8 36
7 11
15 32
27 21
3 34
10 4
29 11
3 11
23 21
2 9
1 33
23 24
10 5
9 33
2 20
28 16
34 12
1 19
20 34
1 24
9 36
1 32
8 20
36 25
24 18
1 36
28 36
34 23
22 9
30 17
13 31
31 31
35 30
19 25
3 7
4 30
6 34
33 5
1 34
16 4
30 18
9 21
30 13
32 6
18 6
13 17
29 34
6 13
29 14
22 7
6 11
13 8
27 15
33 14
22 29
31 13
26 9
8 20
11 10
34 17
34 23
18 1
17 11
36 31
2 32
25 2
23 30
4 5
16 13
6 35
20 29
6 8
5 5
29 6
14 30
18 35
18 16
30 10
31 20
2 24
36 20
17 29
