44 309
7 42
17 39
6 14
35 2
4 32
8 15
25 31
12 44
19 29
10 5
3 23
41 11
18 10
24 42
28 22
21 2
36 39
21 37
44 28
22 40
6 6
18 39
38 30
5 34
34 38
37 42
28 10
12 7
15 29
21 2
44 25
15 14
42 7
6 31
20 28
11 36
38 21
30 13
35 16
21 15
6 11
28 43
10 40
12 4
6 42
17 1
9 35
19 2
26 27
6 33
39 28
40 8
34 22
43 2
41 32
32 27
31 15
20 24
39 7
20 26
41 1
34 37
9 44
42 12
14 14
22 31
44 16
6 30
14 8
30 24
23 19
29 18
37 3
38 13
42 19
26 25
19 41
13 8
18 15
32 34
12 29
26 14
23 13
13 20
12 4
11 1
41 21
10 24
5 23
21 10
16 24
40 21
36 19
34 40
8 9
36 34
8 11
25 8
13 7
24 24
42 22
2 23
15 13
9 33
10 26
8 28
12 20
19 6
33 6
25 19
41 25
28 18
32 13
37 42
17 41
33 13
4 1
11 40
10 31
19 25
4 21
30 33
22 18
7 20
21 35
41 43
31 16
42 17
15 43
36 9
11 8
22 6
32 9
29 11
37 8
12 37
24 27
8 42
2 16
36 20
32 17
24 38
33 37
39 31
10 44
35 31
4 39
40 17
12 43
34 31
1 16
11 23
37 1
18 32
5 23
37 16
18 9
16 15
32 21
43 23
19 36
10 22
18 43
15 5
7 43
16 14
28 22
21 8
19 6
32 38
14 10
11 29
16 11
34 2
11 16
2 35
36 44
41 44
4 19
27 2
26 16
4 11
28 11
11 41
31 11
38 19
41 9
11 36
6 26
10 7
14 21
40 14
24 24
35 19
31 44
3 32
40 3
33 26
1 43
3 20
8 20
7 21
31 6
23 7
26 2
15 34
29 9
36 20
24 11
38 6
21 10
13 43
17 16
1 31
25 24
1 27
26 44
16 11
11 11
11 16
6 1
27 11
17 15
3 9
14 10
24 21
29 4
35 3
21 18
30 18
6 41
39 33
6 12
13 8
9 32
29 30
37 4
4 14
37 4
21 38
21 37
38 11
24 11
42 44
37 1
37 31
28 36
8 25
39 15
18 42
2 30
39 40
7 30
43 23
22 11
2 13
26 7
7 10
20 30
34 18
24 23
2 26
33 18
7 29
5 18
23 40
21 24
38 12
1 9
4 14
3 37
34 43
16 16
1 29
3 38
2 2
27 29
29 32
35 10
25 8
44 36
3 18
38 12
2 33
22 5
39 15
4 9
40 44
11 17
10 8
5 26
4 18
41 13
18 23
1 33
42 14
21 14
27 32
33 35
23 19
39 39
39 11
41 41
10 33
3 18
15 11
36 27
18 8
38 35
