23 242
21 5
23 13
19 7
9 4
16 1
16 13
10 6
18 4
3 16
13 18
14 6
13 23
12 21
13 22
14 23
2 21
9 9
15 13
21 7
6 11
10 14
15 7
4 16
16 2
16 14
2 3
17 13
8 14
19 21
2 1
22 18
11 14
17 21
7 12
19 2
9 6
12 3
10 7
2 17
7 14
6 6
15 23
10 7
6 17
20 6
11 22
1 1
16 13
7 15
2 22
7 10
19 9
21 17
6 12
4 2
1 8
19 20
3 11
5 22
20 23
18 1
13 20
19 4
19 15
3 17
10 21
8 12
18 15
22 6
4 21
3 13
7 15
16 6
1 5
22 23
6 20
7 4
20 9
12 21
22 23
15 19
17 15
16 12
3 15
12 13
8 23
3 11
21 7
18 6
17 9
9 14
22 9
19 1
20 22
23 8
17 14
20 15
4 14
19 14
8 1
11 13
6 16
13 8
7 9
4 19
14 7
14 8
11 16
8 11
21 17
8 8
12 6
4 5
10 9
15 8
17 12
14 3
23 4
14 23
3 22
7 11
12 6
18 18
20 14
3 10
14 11
7 22
2 1
8 15
7 18
21 8
16 20
22 4
16 3
21 12
22 21
22 20
11 5
18 12
7 5
16 11
6 18
4 2
16 9
15 17
14 11
9 11
3 10
11 1
3 2
19 4
2 16
17 5
20 12
19 17
22 16
9 23
22 12
5 13
8 1
11 14
6 22
23 8
15 9
19 15
16 18
18 18
12 8
12 6
21 13
23 4
12 23
10 18
14 15
8 7
12 6
13 18
10 7
2 15
15 10
19 8
11 18
3 20
4 22
12 6
19 16
10 16
19 5
1 23
12 7
7 4
2 19
20 23
13 22
11 15
14 2
21 20
9 13
11 18
13 8
11 6
2 22
16 17
16 23
5 21
4 5
20 18
15 15
8 4
13 19
23 9
10 4
4 18
7 9
22 8
19 19
4 6
3 10
4 20
18 21
17 16
14 13
16 8
9 5
3 13
5 1
9 13
19 13
1 12
15 9
4 21
10 9
6 16
20 15
16 14
12 13
20 5
13 19
10 12
4 12
1 15
15 17
