75 1209
42 55
62 48
31 40
48 34
40 63
72 51
4 62
66 67
64 43
11 17
56 56
21 9
65 73
69 63
34 72
4 67
58 25
48 31
9 24
73 8
18 44
35 60
66 74
72 9
10 21
24 3
22 24
56 61
27 8
30 20
75 12
36 29
58 47
44 38
71 69
9 69
67 8
58 22
32 53
12 6
1 63
34 11
44 42
74 50
50 52
67 32
25 2
12 1
32 74
49 41
59 47
71 53
69 25
50 59
68 57
54 37
16 49
34 11
26 2
68 36
69 24
42 75
16 75
62 59
8 12
40 65
27 10
23 20
47 28
59 65
40 24
4 61
54 40
13 63
29 68
61 71
26 32
37 4
26 12
56 56
49 67
1 64
51 3
54 4
33 21
49 8
47 35
1 53
27 22
64 28
54 66
10 52
69 69
37 6
37 24
22 72
38 5
24 46
36 19
58 55
57 40
27 4
18 65
56 30
7 63
75 44
21 38
45 14
5 56
13 64
40 12
14 15
53 62
50 27
59 51
31 60
13 45
71 62
67 62
42 22
68 36
42 24
61 59
21 55
57 74
65 61
6 46
31 22
43 27
1 72
48 47
57 37
4 12
16 63
69 15
2 43
72 41
22 20
41 44
48 60
44 56
47 49
23 43
24 53
24 16
2 46
67 31
21 6
75 2
43 5
54 59
13 23
2 35
71 14
26 9
6 37
38 45
44 23
69 42
39 16
32 66
21 61
45 40
62 60
41 12
33 65
39 59
14 40
26 71
62 27
20 49
51 71
20 2
26 38
66 37
45 8
1 3
4 47
69 39
31 54
27 56
71 66
73 7
34 13
71 55
10 45
34 60
37 14
55 54
30 4
4 23
68 63
49 42
29 31
69 37
24 56
67 75
63 17
37 28
60 9
5 56
66 62
70 3
9 8
56 45
11 24
45 22
64 57
33 39
6 73
50 66
14 58
5 30
67 38
41 58
24 72
55 17
53 46
63 23
10 46
25 47
31 72
41 46
70 72
16 17
66 32
22 30
61 43
23 50
44 36
53 26
21 33
19 24
11 71
34 27
45 35
23 10
19 17
56 72
27 48
3 56
4 41
2 60
36 74
40 28
9 53
38 41
22 8
54 34
44 5
68 40
74 14
67 16
8 40
32 53
14 45
51 60
65 23
15 66
41 34
20 34
38 59
40 49
28 33
48 20
74 52
29 63
52 37
59 42
41 65
51 3
4 71
40 4
22 2
62 69
58 43
44 8
35 73
36 37
35 50
6 40
26 2
14 67
49 52
28 60
50 52
49 34
54 33
21 16
5 55
23 2
13 49
7 41
49 62
75 43
15 16
32 73
13 34
50 6
72 19
34 49
28 50
38 34
29 50
22 22
58 38
71 57
5 9
57 5
25 9
53 9
12 12
3 65
69 9
75 20
8 33
22 9
42 69
34 68
17 39
38 30
50 72
8 27
71 17
19 17
58 35
31 71
39 45
21 18
67 14
55 17
60 27
71 25
51 12
57 54
7 19
16 62
66 21
15 66
45 1
62 54
58 39
60 44
36 35
43 37
73 40
11 17
4 11
59 45
75 19
53 1
58 32
30 74
23 63
35 72
26 41
72 36
9 35
52 12
55 61
36 19
2 20
47 6
10 57
49 20
48 44
40 58
48 33
35 46
38 47
36 58
37 55
12 39
20 66
70 46
71 16
15 7
41 72
56 39
36 21
6 3
39 4
46 61
3 37
35 23
6 55
51 20
60 38
66 66
32 60
31 12
32 44
44 60
63 43
68 51
5 18
14 43
17 62
21 19
58 57
72 74
4 68
46 9
7 44
48 69
50 52
66 12
35 26
68 33
1 38
46 52
67 36
38 60
12 29
73 6
74 15
69 59
48 17
52 35
58 46
11 17
64 17
24 17
67 15
67 13
1 44
28 61
34 51
71 56
49 67
8 71
3 63
5 69
30 13
36 22
30 19
53 22
42 55
48 63
41 32
1 15
37 67
59 43
34 17
23 50
42 52
8 11
31 51
26 56
12 56
54 6
46 66
24 2
9 56
68 15
68 33
4 7
69 13
46 47
56 50
49 60
62 48
34 32
13 24
37 57
3 10
67 74
52 70
20 21
61 25
1 68
22 29
44 31
43 20
19 48
44 25
53 67
63 69
57 43
26 46
53 54
22 75
47 7
74 48
46 23
37 66
75 35
42 35
28 67
26 53
40 62
40 26
45 37
5 19
38 58
41 70
45 28
55 41
56 52
3 15
48 13
75 25
3 66
4 51
73 37
5 14
10 67
35 74
2 35
40 42
21 60
38 4
42 63
15 23
67 3
71 59
45 31
52 70
13 73
62 11
30 17
35 5
52 34
29 17
31 65
19 32
54 26
7 8
22 14
2 18
65 72
62 27
56 45
73 13
34 70
66 33
9 35
57 75
4 46
44 8
31 49
58 47
32 38
64 50
5 64
34 41
21 1
25 64
31 29
61 26
13 68
68 43
26 39
11 62
2 15
63 27
35 28
48 31
8 11
13 58
57 7
49 71
9 23
4 7
2 56
10 53
37 43
18 10
43 69
37 11
32 61
3 67
28 25
8 38
39 67
4 44
61 56
24 58
15 46
9 63
53 49
49 17
44 22
28 51
2 33
43 57
5 31
30 27
37 12
14 69
22 55
53 15
74 38
11 31
26 36
4 44
12 27
54 6
51 72
15 52
15 60
61 68
65 66
26 19
59 50
49 18
19 50
28 31
54 22
26 73
29 65
19 74
52 11
29 7
18 25
48 51
36 16
47 25
50 43
53 20
58 66
10 16
21 75
66 20
11 22
27 50
33 45
57 41
60 46
69 25
27 54
8 57
40 60
65 73
44 54
41 42
25 55
71 15
2 3
16 26
44 51
62 27
27 20
52 28
64 23
62 19
32 5
26 15
47 58
35 25
36 3
18 45
4 36
20 67
39 44
54 27
11 62
46 12
14 53
46 4
48 18
60 59
73 75
10 7
32 49
2 27
23 60
21 34
67 45
9 38
46 67
68 68
19 29
22 50
65 62
21 34
31 13
5 11
20 58
63 42
29 14
75 25
23 23
56 36
38 53
8 23
16 17
43 35
13 71
72 68
38 2
46 66
9 32
64 16
64 24
55 32
25 5
38 66
26 10
45 31
3 20
54 34
25 25
66 23
37 44
63 21
17 18
6 14
2 13
68 73
12 22
56 45
53 27
35 15
55 47
33 33
4 37
27 12
60 47
15 64
23 15
55 36
15 16
17 19
11 61
75 70
46 63
66 55
24 6
46 51
31 68
70 12
57 5
72 13
65 12
26 11
20 4
22 68
35 32
64 64
61 11
32 12
62 69
29 30
44 42
36 16
57 51
18 39
66 31
26 47
28 54
12 26
47 27
66 72
12 57
11 55
4 59
50 69
32 13
1 24
52 5
33 24
54 18
34 5
41 61
21 2
41 44
70 40
10 59
50 60
53 1
56 40
26 54
41 69
65 52
40 69
65 32
43 33
57 45
26 31
55 51
3 30
37 71
12 36
3 64
54 63
16 33
10 48
62 66
66 29
73 30
9 35
27 14
44 72
74 37
50 65
34 55
61 5
17 29
51 6
12 41
50 62
74 72
31 41
64 49
25 66
16 67
22 19
56 23
28 21
57 9
52 75
59 59
45 62
3 24
52 5
69 50
9 9
25 34
61 46
54 35
11 22
26 16
56 37
1 69
6 24
33 45
55 3
75 56
15 58
10 53
29 1
1 24
31 18
39 69
1 75
67 49
37 3
10 27
39 18
59 1
9 42
22 33
37 3
72 63
74 32
58 21
36 35
5 1
45 28
4 42
60 67
54 1
22 73
26 52
72 29
26 16
28 44
59 68
74 9
10 14
28 72
11 30
75 67
56 73
48 60
20 72
30 17
51 35
25 11
51 30
40 75
22 61
53 53
23 7
43 32
34 31
40 49
44 69
75 38
49 60
1 45
48 19
2 3
7 73
70 13
1 25
8 55
66 43
39 27
18 41
52 50
34 64
11 17
36 45
9 59
63 31
24 65
46 33
40 16
59 47
33 7
10 69
67 33
68 33
22 41
13 30
17 64
73 40
2 1
10 45
11 54
58 47
58 27
48 15
63 28
68 67
68 25
74 31
20 40
52 16
6 56
46 52
27 31
62 8
35 44
68 6
6 27
32 36
23 9
17 45
19 23
26 6
8 46
40 32
75 52
70 4
52 53
5 72
30 19
69 59
61 64
22 31
17 62
39 15
50 57
1 54
18 40
31 72
53 17
45 33
74 22
1 33
74 42
3 27
72 56
65 62
73 32
56 6
15 63
7 15
44 67
45 75
47 38
1 26
3 60
18 42
32 52
68 49
18 68
22 69
13 19
63 28
56 67
55 62
4 14
58 70
20 13
46 42
45 50
39 75
22 25
35 36
4 75
75 22
61 64
31 9
15 22
46 13
52 52
59 20
62 54
66 16
67 74
45 39
38 25
68 13
38 16
16 61
51 32
11 17
55 50
71 6
38 74
13 58
7 27
33 55
8 60
2 60
28 54
29 9
67 46
49 9
18 27
42 26
14 4
67 27
52 21
57 52
73 39
36 10
20 71
24 4
41 11
29 47
32 54
39 60
64 44
52 21
10 70
55 68
16 64
22 59
25 61
37 36
45 72
51 9
69 67
5 58
14 3
58 3
29 71
73 13
38 23
46 10
30 46
66 74
21 48
65 52
75 75
67 41
65 20
39 73
52 9
11 2
31 59
48 21
54 52
23 67
38 61
38 32
8 38
69 33
34 12
41 37
64 59
58 61
34 18
33 72
19 55
37 58
59 53
51 54
21 65
28 75
40 53
63 10
13 11
22 3
66 6
11 58
57 48
3 52
5 52
19 43
57 45
44 39
3 58
17 8
72 32
14 27
40 66
68 17
17 16
6 4
5 7
50 12
40 37
38 24
8 24
28 26
14 52
22 26
40 13
26 14
33 71
29 29
9 62
17 65
53 8
45 43
65 41
60 41
49 36
75 31
75 56
53 7
26 39
29 7
48 59
22 63
66 40
6 20
59 19
8 39
50 32
10 18
25 65
56 72
20 27
34 46
43 33
50 63
64 68
48 25
6 31
5 23
50 30
1 48
29 32
17 45
22 32
73 27
65 33
19 46
38 9
60 62
60 52
25 46
10 18
60 14
56 59
23 51
44 25
24 5
24 62
58 56
12 31
35 61
3 22
47 61
16 23
12 69
4 69
12 50
24 8
68 34
6 54
63 31
28 44
64 44
58 54
40 66
73 34
75 23
59 57
37 75
74 50
33 15
1 28
18 22
15 54
58 36
38 40
32 7
45 53
56 68
59 8
64 71
71 54
1 7
29 52
24 59
14 51
49 63
29 7
2 15
49 41
19 33
74 67
68 37
44 46
1 35
14 22
51 6
18 71
72 8
10 1
70 8
