70 788
16 29
9 56
32 27
25 50
54 16
10 68
12 22
40 20
46 62
34 65
59 20
37 19
2 23
12 40
31 9
48 30
7 55
23 36
18 11
55 40
56 39
56 30
34 69
20 38
43 5
24 60
22 49
22 49
37 51
20 51
63 45
43 22
12 16
51 12
57 17
25 21
47 36
9 9
4 26
42 35
40 41
12 51
43 55
60 64
67 33
23 9
18 14
19 22
8 61
1 45
63 36
24 20
40 18
46 7
46 21
44 29
30 48
11 4
46 63
54 22
46 11
8 2
34 52
24 37
51 15
62 13
30 52
35 50
62 49
3 22
32 5
43 3
61 27
40 2
46 8
47 39
7 62
64 50
41 8
57 30
4 61
32 61
54 10
4 64
17 20
59 8
41 38
7 65
11 38
58 39
44 58
25 9
51 37
59 45
63 37
48 49
16 43
33 30
68 53
27 22
19 5
56 39
14 33
42 26
23 20
52 10
70 24
41 70
32 40
31 38
47 45
7 1
36 66
22 68
35 4
69 55
43 67
6 30
62 60
65 64
52 36
56 58
3 46
17 69
69 62
7 10
40 17
23 70
18 24
3 39
60 8
14 41
25 19
42 67
1 37
56 12
62 52
68 20
44 2
49 24
22 23
39 29
67 17
42 62
60 35
22 51
51 62
56 10
23 66
42 9
29 11
13 6
10 6
10 59
10 47
62 61
36 12
25 4
50 42
39 42
1 62
32 44
53 49
36 64
53 39
18 28
50 43
13 18
23 33
31 45
39 24
26 18
56 13
37 39
47 42
68 35
32 40
15 1
58 39
30 29
66 29
15 13
64 43
68 58
19 11
4 15
59 28
41 43
40 15
8 66
51 14
21 48
70 12
29 14
5 17
22 45
23 33
59 70
9 33
63 66
56 13
29 44
69 52
11 58
5 13
70 47
65 13
49 56
49 17
59 26
33 64
45 6
22 5
66 34
19 14
32 66
69 14
68 62
20 70
55 7
10 68
51 6
52 38
4 21
52 47
36 5
26 35
35 4
42 36
11 47
60 26
11 12
69 43
15 26
59 28
20 53
25 7
23 14
14 30
31 1
12 70
52 48
1 45
27 34
64 21
50 12
20 8
45 5
15 7
61 18
28 53
46 20
40 34
48 21
10 23
20 43
35 30
49 3
12 29
57 52
12 69
28 33
68 19
60 27
4 31
67 18
14 47
7 69
51 62
7 42
57 12
57 15
9 58
53 44
16 50
39 67
33 31
36 19
45 24
50 54
64 40
12 45
14 13
47 64
69 41
33 60
11 65
51 48
49 46
34 50
4 62
12 60
65 26
27 24
4 30
22 12
45 21
53 29
6 66
67 32
28 45
53 31
63 66
40 43
4 68
36 5
34 58
60 59
55 1
31 50
11 5
53 55
70 12
5 11
58 25
14 68
26 23
49 31
5 4
68 57
58 32
53 4
45 34
30 68
26 16
13 25
4 42
32 29
58 70
7 7
41 39
12 2
29 6
45 22
61 8
68 11
24 45
61 55
32 65
12 52
18 34
24 43
50 11
53 40
23 42
46 10
22 62
43 21
12 47
50 24
24 16
44 3
23 17
12 57
19 17
28 26
10 63
50 30
40 9
32 35
42 11
11 48
44 49
17 41
11 31
32 38
64 32
64 14
23 67
42 30
35 52
31 58
49 25
21 56
2 56
1 62
58 44
18 59
49 58
6 52
22 30
11 17
3 7
19 30
39 69
28 36
48 60
65 29
67 67
4 54
39 1
26 12
47 32
69 23
19 49
25 1
45 30
28 57
29 24
60 55
38 18
11 48
27 14
40 35
58 60
13 28
62 7
34 20
32 60
12 40
70 41
11 14
7 46
16 47
43 7
29 11
58 9
21 7
25 16
65 42
41 46
2 12
49 20
27 4
4 46
62 27
48 5
62 7
1 4
21 33
38 39
34 2
22 47
32 35
34 70
10 12
17 43
4 32
69 9
21 36
9 13
34 33
17 32
10 42
48 21
42 5
17 62
61 26
53 43
31 25
47 4
11 19
37 36
48 58
61 70
38 48
48 30
8 70
59 65
18 57
38 26
18 7
50 40
28 69
11 20
14 41
25 63
19 23
48 69
57 60
23 60
43 10
50 6
28 61
32 58
18 59
17 14
48 59
17 1
9 19
45 47
49 68
30 23
44 50
30 3
7 38
52 23
1 63
31 28
70 38
44 47
60 68
24 10
6 18
13 66
8 70
29 34
11 46
32 64
47 21
41 32
34 46
37 34
30 57
7 23
25 1
48 7
1 59
58 28
1 48
3 1
48 63
68 50
52 44
3 56
68 28
8 46
6 37
12 16
52 15
11 26
38 12
19 38
69 44
42 31
69 20
19 17
18 2
35 24
66 31
41 56
17 23
66 36
69 69
32 62
65 5
20 52
30 15
4 23
53 20
52 51
66 69
44 38
17 23
66 51
22 19
66 22
15 50
9 51
40 40
67 51
3 10
67 68
6 16
55 3
63 35
28 18
47 69
9 11
33 20
60 70
30 53
70 23
56 67
6 31
25 46
58 24
15 48
12 54
57 44
34 3
55 15
2 25
6 22
44 3
36 57
19 70
7 37
55 35
7 70
14 48
54 61
68 10
56 40
46 1
62 63
10 28
2 30
66 21
33 42
12 3
25 58
62 62
15 30
31 19
24 31
69 63
43 55
37 61
24 16
36 16
58 38
8 36
30 37
60 2
63 5
4 18
61 39
12 45
60 10
18 32
39 47
68 10
41 24
62 20
17 67
2 70
16 28
35 64
53 40
31 56
60 47
46 47
33 63
3 64
5 5
30 45
33 23
8 14
40 31
19 36
30 21
31 62
48 25
61 10
68 2
36 52
56 58
29 45
11 34
8 67
18 69
43 63
30 3
11 36
62 5
31 24
35 69
17 43
12 9
48 56
27 38
6 33
26 57
55 30
27 38
44 37
59 26
26 5
14 62
14 63
32 34
67 19
38 43
57 24
40 11
62 7
70 52
5 27
16 16
57 51
51 63
29 3
11 46
32 34
37 38
21 4
47 69
39 24
46 17
67 59
1 14
69 40
20 18
60 31
27 31
4 4
55 61
14 52
4 29
62 26
32 37
57 21
69 70
12 22
63 55
38 27
48 12
5 48
46 18
55 5
57 42
46 21
20 50
48 13
10 4
36 20
56 43
9 31
66 11
69 27
52 27
25 8
1 2
18 32
54 48
11 37
40 11
38 68
19 12
3 62
30 47
34 43
63 45
49 66
19 68
64 46
39 28
34 42
24 52
48 28
30 57
45 41
63 32
12 45
41 25
16 36
3 54
9 4
67 47
20 63
58 36
28 42
60 1
6 14
27 58
43 60
24 44
69 51
20 27
51 63
25 23
43 67
67 61
56 18
25 36
38 10
27 33
64 24
36 4
40 53
53 16
38 37
34 69
70 64
1 35
46 31
67 53
37 20
32 56
65 36
59 64
34 70
68 8
54 66
9 64
15 55
25 46
4 63
12 5
36 70
67 52
50 24
55 53
31 21
2 3
17 27
67 54
