19 88
1 1
5 12
15 14
19 5
18 12
3 3
5 18
12 15
10 14
18 4
6 15
7 4
12 18
17 12
5 9
7 11
3 19
8 18
16 11
5 4
13 18
14 2
18 6
16 4
4 2
2 4
1 15
9 13
17 17
4 16
10 13
2 9
10 12
7 13
9 4
17 13
1 17
12 14
14 8
14 1
19 9
3 19
10 15
10 16
13 17
3 17
8 3
16 18
12 10
5 2
6 11
6 5
7 12
9 15
11 16
12 3
3 6
1 9
12 13
15 12
14 13
17 4
6 3
11 8
13 15
1 10
7 2
18 1
15 6
5 1
2 17
13 16
18 5
11 16
9 6
16 2
14 17
2 2
5 2
9 10
8 18
2 10
15 5
4 8
15 11
17 11
17 1
3 12
