16 93
2 14
3 8
1 12
15 5
8 4
13 1
15 16
6 15
4 10
14 9
11 6
8 2
3 4
1 12
12 6
11 11
6 15
8 10
11 13
11 12
16 9
9 6
7 13
5 11
9 5
13 7
2 8
15 1
13 8
16 10
3 9
14 11
14 15
4 15
2 11
14 12
14 7
14 8
15 15
14 9
6 3
7 13
11 10
2 11
2 9
12 10
13 5
15 1
2 5
15 15
14 11
2 12
10 5
4 15
14 15
9 1
3 11
4 1
13 4
8 10
8 14
13 2
2 2
6 5
10 10
16 2
8 8
13 3
13 11
2 3
12 4
14 11
9 6
12 13
16 13
10 5
9 16
11 12
11 10
10 15
15 5
16 16
7 8
8 11
14 2
1 12
1 7
4 15
15 12
7 7
13 13
16 3
13 7
