82 2402
13 50
46 75
65 64
14 19
50 41
48 64
16 8
68 6
17 47
51 27
15 45
48 5
62 9
10 65
69 32
20 21
15 75
70 2
58 33
69 18
6 10
69 3
27 62
18 46
62 20
23 16
37 77
21 37
75 23
40 20
73 6
19 74
54 20
29 48
72 7
36 65
11 18
82 40
15 82
35 20
41 29
24 82
43 41
6 39
45 51
52 52
72 36
79 28
5 61
32 22
8 12
81 27
80 1
28 4
18 3
32 57
71 58
36 34
5 47
67 20
12 37
58 12
59 41
13 58
26 78
65 50
9 77
20 21
36 61
75 62
49 67
1 49
5 29
3 55
81 74
69 12
54 9
36 4
66 65
56 34
63 29
80 5
82 16
26 26
63 66
8 9
73 46
58 25
65 22
46 67
50 16
48 70
22 71
6 7
74 60
76 12
67 55
39 75
60 36
52 12
73 18
32 42
44 65
38 4
61 23
82 52
75 30
23 11
50 37
30 23
7 3
69 10
7 48
42 52
74 77
13 68
44 13
37 68
80 71
31 64
72 13
23 47
44 9
3 70
10 26
22 81
81 53
57 47
21 48
77 6
62 1
49 80
5 50
21 4
42 28
7 74
64 22
58 32
59 57
62 44
25 78
1 67
13 26
57 26
17 44
56 35
30 26
50 55
58 9
13 52
22 75
64 10
5 64
54 40
62 18
35 34
40 17
50 71
43 45
65 28
59 38
33 64
52 28
14 41
75 4
66 25
2 74
47 19
33 69
73 50
62 43
19 17
5 75
48 25
23 20
5 36
76 70
28 24
41 58
33 41
79 75
33 9
14 1
59 11
23 47
40 61
75 19
69 11
82 26
33 20
4 25
62 66
23 24
53 66
12 21
13 2
16 22
23 32
29 42
50 47
36 74
40 82
17 18
23 21
14 2
55 18
58 16
1 46
35 18
16 38
51 53
54 76
79 17
26 75
39 73
81 18
70 28
35 60
7 23
75 14
5 69
45 41
11 49
76 25
3 19
51 23
62 37
32 24
56 20
26 1
68 66
57 1
11 81
17 52
2 18
38 11
15 63
8 35
6 62
13 11
23 74
41 14
71 25
55 46
79 4
20 36
14 57
30 31
61 43
23 4
62 69
61 41
24 33
13 17
75 76
55 17
57 3
11 28
39 47
56 67
75 41
65 56
9 1
59 70
77 51
82 51
1 10
12 59
81 55
38 63
3 9
79 82
40 81
46 38
30 19
48 21
36 55
64 24
72 46
4 35
71 27
41 56
33 3
48 42
7 46
28 59
60 78
42 53
25 8
62 28
76 21
70 11
55 82
29 60
44 29
64 82
39 59
17 52
44 28
42 57
56 67
48 45
70 4
73 17
52 10
69 49
2 33
58 52
52 10
52 9
64 1
4 29
13 15
58 50
72 47
74 48
56 28
48 18
28 47
66 66
63 15
22 65
59 82
8 63
59 71
71 22
14 24
46 45
47 65
10 63
29 73
75 78
1 23
37 16
46 11
11 19
73 49
68 64
63 46
45 25
17 53
48 24
40 32
77 79
48 9
60 68
23 80
48 39
54 77
1 4
57 6
23 16
48 54
53 5
58 2
6 38
50 38
29 82
77 70
46 34
7 63
9 26
70 46
43 77
55 32
70 82
33 46
47 40
6 39
82 39
27 23
4 43
70 24
65 37
49 51
59 21
69 60
17 77
72 27
7 15
38 59
9 15
78 60
8 33
34 58
6 23
56 33
64 74
8 44
75 36
44 37
54 24
52 14
7 64
34 47
59 62
46 34
36 34
53 10
52 38
28 2
35 74
53 74
58 8
81 26
34 1
25 37
80 35
8 5
30 25
27 12
5 40
72 42
1 48
36 36
47 46
64 24
28 16
58 67
18 5
80 17
80 75
54 11
81 39
23 11
64 18
65 10
53 40
82 71
80 58
27 31
15 17
41 26
18 75
18 65
69 70
59 62
82 15
82 33
59 58
6 26
68 44
44 12
48 28
76 25
66 35
43 5
72 51
77 80
1 26
14 56
52 20
62 6
82 44
49 77
16 23
2 78
11 78
63 3
57 63
9 20
8 60
57 62
52 45
59 52
68 29
80 75
15 69
55 70
7 81
41 17
11 55
75 11
3 52
28 35
45 45
51 56
32 71
78 58
61 79
15 60
23 51
58 8
34 48
20 2
4 1
37 23
32 34
77 13
70 37
77 75
3 43
32 68
49 63
34 48
3 46
17 53
29 37
54 51
68 5
26 55
37 67
33 33
82 76
62 42
1 13
70 9
33 38
48 54
8 55
5 36
42 75
82 61
59 52
45 40
67 49
15 52
47 38
10 17
72 62
3 23
73 1
20 47
1 34
14 27
71 72
59 72
53 7
28 34
21 21
15 39
75 62
77 67
20 25
24 28
11 56
9 8
49 43
42 7
66 7
49 34
17 17
50 29
59 51
7 48
10 8
76 76
68 67
44 5
51 50
27 30
61 35
62 19
48 10
72 17
67 58
77 3
76 59
21 19
9 64
8 17
3 66
5 51
79 45
63 48
67 6
14 59
24 12
78 8
34 25
18 56
68 47
74 28
35 35
79 76
27 21
74 17
4 11
69 6
7 31
72 2
54 78
29 47
55 26
29 11
19 39
2 36
16 57
68 69
65 31
7 16
69 23
71 8
29 60
18 20
22 22
57 82
11 43
70 8
25 74
67 44
24 41
35 32
30 43
24 70
22 26
36 69
70 30
63 48
8 9
76 33
80 34
45 24
61 34
56 70
63 61
53 75
48 63
2 55
44 36
44 70
21 72
4 48
9 39
70 79
9 7
32 38
31 28
45 57
12 72
27 33
45 46
16 3
21 58
51 77
20 7
82 61
37 67
17 80
54 41
14 42
2 45
34 28
30 68
75 15
27 74
37 54
26 32
22 40
64 38
56 74
81 35
47 78
26 26
67 13
28 81
18 55
81 25
74 8
65 15
51 77
1 78
65 63
19 77
39 18
62 57
73 50
62 71
67 15
20 42
67 20
8 66
13 59
36 66
44 79
52 63
44 39
70 29
43 18
66 48
22 31
27 72
29 45
60 10
71 21
64 47
82 43
1 71
63 57
19 18
71 3
18 69
62 63
22 78
20 27
9 1
63 25
66 54
72 28
48 2
28 16
81 79
66 24
7 19
70 1
9 32
56 77
34 12
33 41
32 54
34 30
61 50
24 58
32 9
36 19
28 52
9 37
72 71
55 69
58 16
56 9
13 56
67 56
82 44
18 67
57 24
41 17
1 82
50 8
69 49
72 51
62 45
52 48
48 27
10 2
47 45
44 30
34 23
26 8
58 26
69 66
82 61
18 10
34 46
45 15
5 17
55 60
63 34
67 50
15 40
23 25
43 64
61 47
20 26
23 48
19 40
40 61
20 16
77 45
26 42
29 4
73 41
13 79
80 66
54 9
9 30
76 26
59 57
39 76
28 32
19 60
63 79
68 76
43 42
20 76
25 46
41 45
24 74
38 56
32 28
75 22
43 41
23 8
23 59
12 14
78 64
14 74
4 27
49 66
21 6
30 40
19 27
42 45
15 28
16 39
41 79
70 17
8 39
63 21
38 35
48 39
71 6
72 6
80 37
77 35
51 74
14 35
27 9
30 59
67 71
47 41
79 40
9 24
40 14
41 1
18 37
38 63
14 9
18 33
30 24
51 35
8 77
65 13
10 71
69 37
46 60
5 72
16 19
66 3
70 15
65 76
10 57
60 64
13 69
21 33
47 7
24 52
44 34
76 4
29 8
65 49
12 48
80 13
72 29
41 48
57 29
33 50
65 66
58 36
65 59
61 1
7 81
18 38
10 34
32 56
17 43
39 46
52 5
52 54
75 62
79 51
5 21
61 1
71 54
17 67
66 55
50 46
79 18
57 26
13 62
32 67
72 51
67 59
35 61
69 8
56 50
67 70
45 27
36 57
69 70
37 20
7 40
71 10
62 55
71 30
23 9
15 49
72 25
45 56
53 41
65 77
12 44
42 12
4 40
47 33
1 70
73 63
17 7
78 67
80 12
73 65
8 4
54 47
67 66
6 18
15 5
45 25
30 75
78 15
36 45
55 36
66 4
70 5
10 19
11 23
22 44
17 80
77 69
29 21
25 2
16 71
36 20
16 69
62 29
55 1
26 51
3 62
61 38
7 81
59 67
42 34
34 1
37 69
54 1
20 13
3 12
64 65
12 49
6 16
39 79
68 72
32 73
58 36
26 36
62 79
33 17
36 53
45 52
58 28
69 67
43 47
24 5
62 26
34 57
43 36
49 45
21 50
79 19
73 80
30 1
71 53
60 52
74 51
42 78
10 15
54 30
3 65
4 44
34 14
21 37
80 32
81 50
30 51
66 50
19 38
4 22
24 52
48 69
76 80
9 65
52 8
78 5
71 23
20 68
13 37
19 52
5 22
46 44
38 11
73 22
37 78
36 5
59 59
18 53
30 25
23 40
37 79
13 49
11 9
11 56
15 55
18 75
38 55
70 14
70 10
39 46
7 9
1 67
24 58
48 63
10 18
72 51
20 24
18 15
33 75
77 27
61 59
57 54
7 1
8 23
42 81
66 26
9 79
42 12
29 64
80 82
75 59
77 43
37 62
2 4
37 77
65 72
27 35
49 40
39 55
22 24
18 6
51 19
26 61
71 58
75 41
4 3
45 62
63 30
33 33
34 82
26 18
47 62
37 24
21 12
3 68
7 78
68 78
51 10
48 24
42 4
67 33
47 3
32 9
24 67
3 39
42 68
6 44
42 37
56 29
42 69
49 66
48 55
32 14
36 22
47 30
20 17
29 4
21 23
9 10
25 53
47 52
38 58
51 58
13 60
68 52
44 24
35 14
63 44
1 36
53 38
52 16
64 9
51 12
15 25
15 62
15 73
49 56
40 54
74 59
48 56
9 47
71 6
51 4
31 14
52 58
45 62
9 29
17 47
82 3
10 78
28 9
82 56
66 37
12 29
40 12
54 36
48 13
30 72
58 15
21 34
71 21
64 41
49 50
40 55
54 49
1 61
12 8
1 54
56 43
30 2
35 10
10 55
17 65
2 40
73 69
17 71
74 14
61 78
46 24
31 69
69 10
24 23
80 52
47 10
46 25
34 45
45 3
56 41
24 55
63 59
30 78
64 78
18 63
11 82
70 63
12 58
16 59
49 23
56 49
82 70
4 61
20 23
14 16
64 77
36 12
24 77
49 14
36 52
57 7
2 8
16 30
34 70
21 50
6 58
28 7
11 13
60 2
50 56
82 43
17 57
71 82
16 47
72 49
68 44
55 48
17 27
60 81
42 61
44 38
13 21
20 76
46 1
71 57
13 9
17 27
56 14
34 13
51 61
26 5
71 63
9 26
17 56
4 62
28 25
68 44
26 72
45 82
18 37
45 6
58 32
67 60
38 36
3 47
22 4
41 18
21 77
3 75
8 36
31 61
27 79
13 52
38 68
68 12
44 4
74 41
48 36
70 17
10 6
50 28
59 49
51 75
51 77
23 31
40 46
31 52
68 1
46 16
10 68
43 14
10 68
24 57
37 56
18 35
66 11
28 16
49 12
43 78
28 12
60 60
26 58
12 9
77 72
29 49
41 59
6 40
9 8
58 43
77 65
17 20
14 78
69 51
45 80
6 11
8 67
42 63
39 1
35 66
41 4
68 53
47 66
33 10
64 56
65 75
65 46
15 9
69 64
60 26
3 35
50 72
61 43
30 4
48 74
32 79
23 56
32 41
2 6
17 68
59 23
3 10
58 39
62 70
12 59
11 43
34 46
71 77
5 23
58 30
31 40
20 69
33 21
19 13
11 2
40 34
24 39
78 50
8 55
45 76
13 48
44 59
17 25
37 74
44 20
12 22
64 64
37 18
73 74
65 28
53 51
20 2
64 11
56 35
44 32
1 25
75 37
76 29
4 55
80 43
4 1
47 6
1 53
7 75
14 6
11 66
25 28
10 2
82 18
50 17
59 81
55 32
13 43
25 21
78 29
74 78
65 41
73 46
52 24
7 61
27 41
17 23
12 11
33 60
75 15
63 64
23 6
71 66
81 6
7 37
82 46
45 9
55 24
19 82
29 15
49 36
71 48
45 71
62 67
51 25
34 61
36 46
1 78
31 40
52 3
61 28
72 47
69 27
30 71
33 60
36 3
2 50
44 67
12 7
71 59
76 67
11 78
72 27
50 68
34 81
71 23
67 75
31 62
48 74
40 65
33 3
69 10
2 64
59 17
3 1
62 70
9 49
36 7
72 41
76 32
54 73
80 10
35 64
19 46
30 78
61 75
74 64
8 45
53 26
37 68
40 10
68 43
18 44
4 46
81 3
30 15
47 25
18 31
30 8
59 10
20 9
69 32
16 5
70 78
34 75
14 35
65 25
17 9
43 41
82 4
50 73
19 39
58 46
14 78
21 51
20 7
75 41
47 36
17 75
76 51
23 11
1 5
75 64
32 41
60 11
56 45
34 3
49 35
35 80
62 54
14 57
62 45
9 12
26 46
58 16
67 44
52 69
38 55
18 82
64 69
80 60
19 56
57 31
70 5
43 36
34 13
81 38
12 28
64 74
45 64
75 10
51 32
56 29
30 6
76 50
77 80
70 41
22 36
63 55
63 8
72 52
13 68
72 68
34 28
61 34
40 31
38 59
26 61
8 77
54 66
73 67
61 70
32 21
67 35
15 49
15 45
76 20
8 76
63 59
13 27
20 6
57 61
36 82
7 19
49 21
70 20
16 16
37 41
36 20
67 30
31 7
77 41
34 11
44 16
25 35
36 80
61 26
25 77
63 11
15 68
25 15
80 7
49 63
82 66
74 5
75 5
13 50
46 45
74 43
35 71
75 37
75 3
30 26
27 42
32 43
3 59
80 28
1 24
68 9
59 82
73 22
27 19
50 20
46 13
13 55
45 55
57 51
61 29
54 38
61 41
11 76
65 20
54 30
23 12
41 64
19 29
67 39
33 54
54 53
77 40
3 49
32 15
63 68
53 36
2 44
40 3
66 43
80 17
47 22
66 80
72 26
58 35
54 34
36 65
52 55
56 80
32 42
76 60
40 59
5 12
56 22
81 12
22 50
15 24
3 55
32 53
36 23
56 41
39 72
19 51
62 62
6 46
77 66
29 39
22 58
15 12
24 68
20 43
5 63
82 22
44 77
62 70
38 81
34 59
11 29
13 79
18 26
13 22
68 7
79 40
27 69
77 5
64 29
64 79
25 7
60 33
70 22
31 36
45 46
55 58
48 16
75 64
9 15
76 49
35 7
62 77
78 9
64 45
37 27
72 11
15 5
51 70
33 34
67 57
71 8
49 17
46 76
59 40
75 77
22 46
62 66
10 38
52 25
8 64
42 73
42 33
26 67
69 71
49 29
20 16
4 23
5 67
72 35
61 64
48 80
69 35
22 63
63 15
78 19
35 67
63 28
69 69
64 34
77 45
28 34
44 18
29 18
54 3
46 33
42 4
7 55
20 13
22 10
9 11
6 70
70 16
6 10
28 31
37 60
13 43
26 59
55 44
58 11
44 54
24 42
71 67
36 64
47 68
40 64
46 34
82 10
80 62
27 45
1 35
23 1
39 8
24 82
19 33
19 25
14 45
30 52
64 51
57 38
61 47
40 71
51 1
36 15
45 66
3 70
34 76
34 25
69 21
19 77
24 60
59 31
81 40
77 50
48 77
61 70
25 36
21 38
13 50
70 31
53 77
32 72
70 40
55 20
26 55
65 36
38 80
48 46
75 24
48 55
76 10
57 38
51 60
7 55
78 17
50 52
9 72
30 23
28 14
25 36
43 43
34 65
11 53
71 71
39 9
11 71
34 48
77 68
46 72
50 12
29 17
4 52
57 80
52 70
53 46
48 25
80 21
33 20
65 76
40 76
72 48
70 49
15 38
5 3
45 45
63 14
49 17
64 25
23 26
69 1
37 78
52 19
82 82
8 21
38 25
61 58
40 1
51 5
24 62
59 13
42 44
76 31
58 17
56 10
59 70
27 78
68 22
34 66
14 15
23 6
60 80
35 80
67 32
15 37
13 31
13 23
79 27
5 32
19 43
19 77
80 51
36 71
78 62
60 81
22 11
78 27
58 80
28 60
58 65
26 61
58 25
41 23
26 5
33 21
20 64
44 51
47 46
14 74
26 61
48 60
15 3
62 69
53 72
25 25
60 19
2 25
54 65
43 48
27 48
67 31
14 54
30 69
44 38
11 3
64 54
7 65
61 16
16 32
10 26
2 69
2 76
28 55
50 52
81 4
42 4
4 78
62 78
27 49
71 6
65 66
76 16
75 56
77 31
16 66
5 16
33 38
82 5
13 50
11 69
45 23
41 20
15 46
40 59
36 61
24 45
56 62
25 45
68 77
4 54
42 35
10 13
65 40
41 69
1 34
74 15
69 26
22 75
3 47
67 42
81 6
38 64
42 15
45 16
81 71
10 80
78 21
26 7
82 36
50 16
4 34
63 54
14 43
27 50
3 47
24 16
56 79
47 29
7 17
25 58
53 11
30 63
43 35
48 47
70 14
51 46
55 59
8 31
23 9
12 22
50 23
3 6
39 2
29 41
49 10
54 26
21 53
55 81
44 6
65 7
17 63
77 16
58 65
82 12
30 20
39 67
71 52
38 81
27 2
57 14
41 18
44 15
6 38
57 1
74 62
27 33
62 60
6 11
35 44
10 20
67 57
72 43
60 14
32 37
57 9
82 81
40 61
10 61
23 70
20 64
12 46
80 62
38 5
61 1
62 16
52 37
7 32
16 45
15 82
74 35
68 69
82 8
74 31
15 73
3 69
5 4
39 66
18 25
75 36
60 16
18 69
23 50
6 41
4 43
2 34
73 34
1 12
65 38
57 63
66 3
43 21
65 75
26 48
21 54
9 39
52 45
34 24
42 8
58 42
29 78
40 8
10 15
65 44
34 50
6 42
17 6
66 60
71 44
58 14
55 43
74 48
24 34
62 81
25 43
45 31
65 37
54 10
59 81
78 77
35 58
55 6
46 64
46 22
50 63
30 68
30 43
81 63
30 64
26 44
35 50
64 63
80 9
22 78
30 47
56 3
56 51
64 68
14 68
59 5
74 77
36 50
78 60
41 68
1 16
64 27
75 63
38 31
5 11
22 69
72 14
21 27
55 73
75 32
72 63
19 24
31 40
24 15
35 59
34 60
78 19
39 80
49 9
55 7
77 31
4 1
14 73
10 21
27 81
1 76
4 2
23 75
32 76
59 61
40 13
10 53
16 48
49 35
67 34
9 12
68 32
35 73
28 13
37 58
81 3
71 18
1 78
26 41
2 71
17 75
66 49
71 27
61 53
60 6
54 61
28 34
41 19
25 74
1 70
14 27
71 52
75 18
34 29
66 81
43 63
34 26
12 6
10 42
57 37
77 53
12 71
77 27
69 35
62 18
10 79
72 76
81 41
35 73
3 44
37 26
70 3
39 76
52 42
35 10
43 12
7 40
51 67
11 25
75 82
77 37
47 29
18 13
37 36
73 27
51 56
17 47
26 26
78 77
60 10
42 23
18 82
60 60
49 78
50 46
5 22
35 77
1 31
6 1
76 73
4 55
51 6
3 74
13 63
69 41
21 16
32 7
40 8
32 7
73 6
20 75
67 17
54 56
15 40
28 55
66 55
73 36
69 6
65 64
14 20
15 80
10 77
38 36
2 7
40 70
73 58
81 42
68 75
38 67
65 1
31 45
1 66
68 74
68 62
25 72
22 70
21 75
17 19
2 1
67 2
4 10
74 2
35 46
57 45
13 21
24 63
63 82
20 37
9 63
37 36
6 40
57 18
63 36
61 1
14 70
33 12
12 14
63 77
77 34
43 64
5 78
5 6
60 48
7 1
52 7
76 12
35 69
38 3
71 4
37 12
20 53
39 23
74 37
38 67
50 34
80 30
60 49
18 57
60 37
9 69
42 10
49 67
30 49
7 74
29 55
19 14
18 82
20 17
35 19
76 25
26 57
39 58
16 24
33 45
38 77
15 26
27 27
31 37
21 64
5 73
52 48
10 42
42 63
70 81
28 61
66 30
65 66
60 44
7 11
3 31
5 62
77 45
55 60
23 59
79 50
79 13
48 7
21 38
16 28
18 77
21 82
40 2
32 20
3 72
57 64
3 20
9 2
10 41
49 60
6 17
80 73
29 62
57 3
78 37
76 61
77 24
68 36
27 65
43 40
2 2
76 41
38 57
50 51
21 21
63 63
37 49
34 2
10 69
26 22
36 79
72 13
49 79
13 20
32 58
2 38
66 60
45 61
10 63
34 38
45 63
58 34
38 3
35 47
54 68
1 3
8 13
48 62
40 77
63 50
71 53
46 67
7 57
11 44
63 64
82 65
48 38
79 71
55 45
82 59
46 36
31 80
68 74
71 41
55 59
54 42
43 49
71 19
73 39
78 41
7 27
42 39
22 72
61 72
17 6
64 19
73 38
58 42
73 45
12 62
9 55
82 58
18 35
38 44
15 41
68 71
38 58
56 47
54 37
4 36
75 35
3 67
57 49
70 35
5 77
11 22
27 70
22 79
17 26
31 80
22 26
24 50
56 42
43 57
77 54
78 37
81 75
23 3
61 18
62 27
7 65
10 77
79 50
43 33
51 23
50 63
64 76
24 76
69 33
22 7
2 26
31 38
62 60
4 81
44 65
14 64
16 76
56 26
19 32
75 29
64 7
36 77
24 55
82 15
61 76
17 44
63 23
54 33
39 29
59 33
10 71
73 46
34 36
65 23
53 42
