29 159
25 11
8 8
24 8
25 11
7 10
22 25
14 7
6 14
25 28
2 4
2 21
20 23
28 8
8 1
28 18
12 25
28 6
21 13
17 14
16 4
27 3
4 16
13 18
13 3
2 3
8 18
11 6
20 17
14 7
2 24
28 28
7 15
14 15
7 23
6 1
28 11
24 13
21 14
22 16
16 17
11 6
24 9
24 10
14 20
19 1
4 29
21 5
9 29
14 5
4 21
27 21
3 10
24 7
22 20
15 7
17 3
25 23
10 15
27 5
22 19
9 8
25 14
26 16
8 27
28 8
4 18
22 19
10 29
23 21
23 6
26 1
3 17
21 17
25 10
11 27
17 27
9 24
6 2
4 19
19 18
2 9
20 12
28 7
21 9
15 13
5 23
5 21
4 27
1 25
29 25
29 7
26 22
19 22
18 16
8 11
7 8
3 27
18 28
25 8
20 24
3 7
19 27
16 12
14 17
6 24
29 22
18 25
29 6
10 23
10 9
5 28
14 27
7 9
15 28
20 23
14 1
15 6
17 1
13 14
9 3
10 10
19 18
1 6
20 2
12 15
27 21
18 27
16 14
27 24
9 25
29 3
19 4
25 26
27 7
7 15
16 18
28 11
4 26
7 17
17 4
28 5
17 23
16 5
28 12
13 6
21 2
7 27
16 12
10 1
9 21
15 16
16 6
13 12
16 20
5 1
16 25
11 4
5 12
2 24
