70 2084
59 42
27 48
50 19
20 33
59 16
30 20
62 26
14 14
46 60
46 35
4 51
33 27
22 59
33 60
51 14
64 2
56 26
26 32
62 28
25 69
20 57
44 68
25 28
11 13
43 47
65 22
32 30
59 46
8 21
67 52
4 33
28 49
1 51
15 62
45 1
47 65
55 23
47 59
15 62
50 51
5 49
3 20
6 17
26 48
55 13
69 4
11 37
34 62
58 10
46 24
26 65
29 57
52 4
59 29
24 39
51 27
27 57
18 32
49 13
66 34
47 18
17 49
21 67
26 57
22 1
32 61
69 43
1 17
28 4
4 40
15 1
38 27
69 50
2 70
68 3
27 58
24 49
22 37
47 34
13 58
11 69
55 8
17 2
64 57
10 40
45 65
3 51
28 59
25 38
54 11
69 14
65 56
11 13
6 70
53 51
31 25
43 50
39 33
10 63
52 56
47 64
3 46
29 15
42 13
4 69
25 8
31 49
38 35
63 19
37 66
8 48
14 66
52 13
8 55
41 40
23 44
49 55
54 41
54 12
56 35
63 34
35 43
52 5
51 37
19 70
48 17
39 22
49 31
3 15
53 44
1 70
32 1
12 38
30 14
2 43
40 46
54 7
70 4
5 43
63 68
19 5
50 65
44 61
67 42
47 3
64 4
46 40
11 49
65 18
57 37
61 11
44 2
44 27
6 27
65 9
31 44
51 63
5 68
27 34
28 34
40 52
27 6
69 43
42 34
1 38
49 26
40 13
3 48
48 63
50 14
42 10
14 1
70 16
5 4
60 55
30 1
2 66
45 4
39 62
60 38
59 43
11 59
2 57
50 17
8 24
30 46
67 50
68 10
25 57
24 9
19 1
60 48
25 58
55 67
4 60
37 53
39 32
34 13
27 30
63 65
18 21
32 61
51 55
45 56
10 47
42 68
64 5
4 38
64 12
49 33
29 38
67 44
58 30
50 56
18 20
54 56
53 67
35 6
46 36
13 17
70 57
44 3
11 33
16 18
17 39
29 63
37 48
63 23
9 55
21 56
8 21
53 20
12 3
7 29
66 70
69 24
34 44
31 31
40 32
2 19
12 1
22 15
38 29
63 40
8 16
54 17
23 58
37 37
26 8
69 53
40 63
22 53
25 3
9 37
63 48
49 35
26 25
36 65
34 60
68 43
59 11
63 39
60 4
34 28
64 4
16 28
67 21
36 40
43 3
52 63
59 40
30 41
70 62
55 7
60 36
14 50
15 48
10 46
36 43
40 15
16 38
61 17
38 11
9 45
18 50
54 17
25 10
45 42
58 40
44 55
9 38
37 15
11 14
46 20
17 1
48 3
8 67
70 6
44 3
62 34
29 3
38 2
42 11
48 46
18 66
47 18
56 49
14 40
10 14
31 63
15 67
51 46
63 16
65 64
69 64
45 11
37 42
51 39
44 56
11 2
45 24
56 35
40 36
49 47
30 32
33 24
43 15
1 7
4 62
6 61
27 42
20 10
59 47
67 38
52 68
55 54
19 49
10 26
27 70
38 58
27 32
9 17
58 66
58 30
2 62
3 10
51 41
67 4
63 65
4 26
30 8
34 58
56 19
47 66
5 58
10 26
53 27
56 53
27 66
30 9
35 25
36 3
8 41
41 39
30 65
12 11
17 44
10 24
54 23
47 25
49 20
38 63
7 7
66 53
63 47
35 25
11 28
9 22
30 38
59 33
12 51
4 19
54 67
66 17
22 36
27 1
46 27
33 59
34 55
15 47
70 18
31 70
66 21
60 9
18 25
59 54
8 7
4 18
1 53
67 21
5 9
28 10
8 40
60 16
45 32
25 41
46 38
28 21
50 35
63 46
49 15
29 26
7 12
38 56
41 69
47 53
19 21
26 32
42 8
60 40
67 63
21 18
60 41
64 34
55 38
19 35
39 27
5 47
39 6
1 45
56 15
30 20
3 42
3 36
43 58
58 23
26 27
69 65
47 39
21 70
26 12
21 56
21 15
40 55
41 14
57 48
53 60
61 28
50 11
1 22
1 1
3 15
22 43
51 42
21 3
43 17
54 64
22 34
50 14
5 23
49 64
65 59
53 45
54 15
52 64
37 35
30 60
66 55
25 16
44 58
13 9
69 7
38 1
4 69
50 51
29 48
26 70
70 31
16 9
57 31
50 20
51 22
5 3
23 19
5 22
6 63
60 44
70 13
22 11
9 31
24 1
61 58
15 60
69 45
51 45
12 36
20 33
39 55
56 53
56 7
11 44
40 33
52 17
14 30
63 65
14 42
58 33
58 16
10 34
70 57
63 55
56 25
13 8
46 34
63 5
15 3
28 45
64 10
60 57
7 64
1 19
29 56
17 33
45 2
2 57
19 31
36 70
66 31
36 32
28 29
50 30
47 59
58 18
52 70
59 13
36 54
59 58
42 69
2 54
57 18
62 60
2 32
40 27
68 12
23 53
24 40
54 3
15 9
42 14
65 43
49 40
35 18
30 64
66 65
65 62
1 2
56 57
61 11
6 29
20 23
53 26
19 19
35 51
17 21
59 44
29 35
46 13
56 57
66 28
64 46
21 68
19 49
11 11
22 58
20 39
38 18
4 49
4 42
56 67
67 13
65 29
39 31
67 20
61 65
2 69
54 11
6 56
21 63
26 8
63 14
34 38
29 13
59 35
43 14
22 48
57 11
25 14
35 9
57 22
59 33
58 40
2 68
9 45
20 59
65 32
45 51
66 7
53 62
41 14
7 23
4 46
44 34
49 70
45 46
57 2
1 62
17 16
40 4
25 46
26 36
34 52
35 25
31 7
36 39
62 1
51 5
16 20
4 66
50 43
28 5
44 63
11 16
68 9
68 14
4 18
55 36
62 63
31 52
31 37
57 12
49 45
59 54
60 16
59 54
21 28
42 36
66 4
51 42
63 40
19 52
37 60
4 64
8 45
49 10
61 61
63 34
67 31
3 50
28 22
18 69
22 30
57 25
39 8
47 12
69 62
32 56
3 18
51 47
63 25
44 29
52 62
6 37
42 18
58 47
20 45
8 24
56 22
2 5
36 40
50 1
23 52
45 57
8 61
33 10
56 63
46 17
61 23
54 18
65 66
62 9
70 60
69 2
12 27
17 5
66 14
61 49
15 51
22 4
35 62
10 32
53 5
29 40
42 39
38 12
23 32
14 5
32 47
67 65
48 21
42 29
7 43
36 52
8 38
52 39
65 6
48 15
24 58
34 21
15 25
24 19
6 56
38 11
22 67
46 30
54 59
26 42
18 13
57 64
28 26
27 39
18 56
70 60
14 70
57 46
6 16
48 27
59 39
20 48
44 24
48 57
11 57
1 52
70 41
6 49
56 66
9 26
41 5
32 11
54 13
18 60
63 39
56 50
22 37
33 39
29 23
57 47
26 28
58 63
65 23
62 21
1 41
49 40
69 26
16 54
64 23
64 34
12 62
41 20
20 53
39 32
66 48
61 36
34 46
41 19
54 38
5 36
69 37
67 47
46 8
59 63
47 11
5 48
50 42
24 52
48 22
68 27
32 64
70 25
26 46
6 8
23 63
9 61
39 23
63 31
10 10
55 20
62 69
60 34
34 68
35 20
36 28
24 17
39 28
6 55
6 5
18 66
49 56
5 8
8 26
62 50
62 56
60 31
57 58
69 25
45 21
28 54
13 38
26 37
43 63
31 70
60 16
61 23
63 10
2 7
50 33
70 41
37 27
57 30
55 18
60 27
17 16
45 42
56 68
69 3
41 50
39 63
69 58
24 70
9 33
68 8
53 11
52 4
68 36
30 59
11 20
8 33
48 22
67 66
61 35
5 50
4 7
60 2
10 41
53 49
70 6
29 69
55 43
52 30
59 44
4 13
33 69
57 57
19 24
10 36
6 43
58 44
14 33
69 26
59 38
40 41
57 55
35 22
26 52
38 66
28 50
47 16
23 44
45 44
43 25
22 40
68 33
30 65
68 24
51 61
47 31
26 37
4 69
64 9
30 53
3 20
53 25
47 39
44 22
65 36
25 4
30 18
22 58
16 1
45 45
57 58
41 43
41 59
52 61
20 24
55 57
69 64
8 64
29 29
13 57
47 39
24 69
55 64
15 61
49 70
35 56
23 22
43 12
13 51
40 8
29 29
21 44
45 42
59 1
35 38
9 32
17 63
38 5
45 1
48 51
36 58
5 68
35 56
52 55
69 58
46 65
13 17
12 33
5 8
36 25
46 28
42 3
18 67
65 1
40 13
57 60
26 65
60 14
24 45
23 43
65 35
67 34
40 32
52 7
41 47
55 66
40 12
53 13
3 57
50 8
69 7
6 51
10 15
34 48
28 47
40 34
15 52
55 24
60 36
19 19
36 14
34 45
25 26
13 20
28 14
14 15
54 52
58 66
51 31
4 49
5 31
68 1
12 8
33 42
12 9
25 70
34 3
20 50
68 27
18 59
11 47
57 53
51 59
52 10
16 65
21 41
12 66
12 28
5 47
46 5
61 67
43 14
15 23
32 19
35 13
57 45
19 16
8 5
56 47
18 21
68 37
29 1
13 6
70 14
30 29
46 23
51 10
52 8
26 64
9 48
36 25
38 31
62 20
52 53
4 30
31 20
25 53
34 49
5 20
8 69
1 58
34 26
18 30
49 64
69 2
23 34
10 65
22 12
8 30
33 26
52 33
12 24
53 1
5 14
68 20
41 54
28 62
70 70
11 20
28 17
8 51
46 29
18 65
18 68
19 25
21 62
16 3
35 35
51 63
25 59
62 4
36 66
53 19
1 39
34 52
3 29
50 40
43 61
21 41
32 70
60 34
17 65
64 6
39 24
13 55
9 23
70 39
6 70
57 19
50 64
15 26
63 21
27 63
55 10
11 9
12 39
35 15
36 48
24 3
51 11
59 66
64 1
60 49
43 57
49 9
25 47
32 28
19 26
24 33
1 59
54 16
67 4
52 11
33 20
29 2
33 49
54 56
50 7
55 15
53 49
1 5
19 3
32 66
53 69
11 52
15 36
10 4
21 20
33 54
23 5
61 57
21 36
70 59
29 20
29 1
60 69
49 38
3 70
52 30
64 53
38 63
18 67
41 50
50 40
48 70
62 11
38 34
64 41
52 65
10 48
48 56
60 34
44 17
15 58
60 66
31 6
24 48
27 58
27 43
12 13
30 35
42 37
55 26
11 59
32 36
8 28
19 16
33 23
20 46
35 50
18 24
24 19
25 35
64 36
56 9
38 42
66 45
28 23
43 51
67 29
36 62
39 64
22 69
47 48
33 57
57 23
62 11
48 45
49 13
8 49
42 62
47 24
33 12
13 54
32 68
27 34
45 57
66 31
53 65
48 15
66 45
12 1
41 13
24 53
31 37
43 66
27 32
69 11
31 46
7 27
58 66
49 40
29 55
66 52
2 12
44 6
64 7
42 46
26 11
50 21
70 43
3 29
59 63
48 56
42 19
13 45
6 7
7 60
58 46
17 21
24 47
61 13
32 33
25 1
27 32
19 1
52 22
11 55
14 54
8 20
37 56
56 15
20 35
6 16
59 25
46 7
22 58
65 7
56 18
66 16
2 60
28 65
17 16
65 35
22 37
61 44
4 41
22 42
66 64
21 11
38 2
5 62
40 64
22 68
20 40
42 4
43 67
55 63
11 23
13 34
24 4
39 15
11 43
24 13
20 42
16 55
11 40
55 65
54 39
55 27
34 17
11 2
41 68
4 26
24 29
11 23
47 63
2 68
65 41
41 44
15 38
62 57
3 42
55 16
57 8
13 68
70 57
15 19
56 46
18 24
35 62
18 23
45 26
12 54
38 54
53 22
2 27
14 38
43 12
33 20
55 51
42 43
48 22
59 24
60 17
24 26
63 52
49 31
2 7
69 57
17 3
57 19
3 25
4 4
37 24
22 18
44 68
63 57
22 34
53 52
54 2
33 66
46 33
8 1
23 42
51 14
36 56
64 4
58 21
61 62
41 19
65 63
57 68
35 5
70 39
15 28
31 37
49 64
68 27
6 16
28 65
40 19
7 32
8 13
61 43
60 18
43 13
62 60
34 57
50 11
60 42
29 60
13 2
46 46
24 20
24 57
9 56
2 38
37 40
49 24
55 33
29 7
33 39
19 65
27 58
69 47
3 9
60 27
12 33
54 42
20 57
64 7
46 33
36 32
44 40
14 11
50 41
16 55
33 59
56 69
65 15
66 40
2 21
59 48
62 24
44 21
40 66
55 13
10 69
53 56
29 31
8 51
22 23
58 33
49 66
51 14
65 43
20 50
28 7
68 28
55 55
8 22
61 29
67 46
64 54
44 28
64 63
6 58
54 35
16 56
35 34
10 44
16 44
60 36
49 59
17 34
27 42
58 48
3 44
63 45
22 6
67 2
29 18
66 55
27 64
13 21
33 33
23 54
61 8
40 61
46 43
20 51
58 26
9 1
26 45
66 16
4 55
44 3
7 22
49 61
37 46
66 53
1 52
70 51
1 45
45 40
17 20
12 32
46 59
57 40
53 59
38 46
46 23
4 33
40 34
20 30
30 44
33 68
8 57
33 34
63 43
22 54
32 69
69 43
13 57
27 24
47 47
20 11
7 47
32 47
20 14
65 2
67 19
26 67
33 43
42 20
56 49
55 28
23 50
65 53
25 48
6 60
39 69
13 35
6 38
17 3
1 67
57 24
46 45
60 46
10 62
7 19
19 48
38 61
17 10
39 6
37 8
36 17
54 6
65 1
64 18
59 17
34 14
42 69
31 36
36 50
15 69
6 9
70 26
26 27
45 23
4 39
4 49
12 21
13 24
38 52
52 52
64 62
54 3
43 1
10 18
8 69
55 50
36 5
41 52
60 57
62 19
22 36
42 53
69 35
33 19
21 20
43 42
34 63
63 10
50 26
4 59
35 16
34 53
42 11
70 16
55 28
53 16
61 2
47 69
48 55
35 23
31 63
24 68
11 66
7 41
42 29
22 52
38 2
40 8
53 66
16 40
22 11
57 36
52 66
6 52
21 64
34 32
17 26
14 54
15 43
48 32
16 70
12 23
29 5
43 47
29 37
30 36
31 57
10 41
65 34
55 6
2 6
34 22
20 15
68 24
44 37
3 11
44 66
18 28
9 4
42 61
8 51
54 24
24 29
48 67
28 51
60 48
10 20
53 11
20 47
32 48
60 30
55 68
1 34
70 21
13 27
12 53
37 1
48 1
26 12
41 37
29 11
21 54
66 69
61 52
67 20
50 41
9 35
42 28
44 41
13 26
57 41
27 63
45 33
44 61
10 19
4 53
37 63
33 24
64 30
9 43
18 42
41 31
10 37
26 9
64 44
47 3
53 30
19 54
24 48
21 5
70 5
39 6
69 3
55 66
59 32
36 67
70 43
23 1
40 67
67 69
31 59
28 68
50 63
12 16
45 1
25 30
65 18
40 15
31 58
47 38
14 25
36 23
41 53
28 66
70 66
36 44
63 67
35 63
30 49
27 51
53 29
46 18
50 13
50 36
59 27
65 9
15 14
19 22
14 31
7 34
30 6
15 30
7 32
7 32
63 13
31 39
11 26
25 41
15 57
54 17
61 32
27 5
43 46
55 53
8 32
68 19
2 54
26 9
66 18
44 66
1 30
58 34
3 2
27 3
49 69
46 61
38 35
46 15
43 66
9 18
5 25
49 69
57 60
30 29
32 12
42 3
17 66
32 63
25 31
6 68
9 48
22 65
70 23
69 36
43 14
43 6
42 14
7 32
12 1
70 24
64 19
34 34
55 2
69 68
30 53
54 69
7 1
65 25
27 30
36 6
52 50
49 8
22 54
19 41
31 25
50 41
31 44
70 6
64 24
35 12
29 7
67 65
4 23
53 46
22 21
37 53
51 60
68 60
29 36
69 34
11 55
32 50
45 48
70 60
35 41
11 64
7 22
25 46
33 70
10 4
63 41
24 13
2 18
5 19
46 9
51 10
69 48
18 43
1 39
34 55
2 55
8 4
36 32
44 69
16 35
52 27
9 57
44 44
27 25
54 19
31 38
39 25
55 8
4 4
18 1
41 17
28 45
50 15
3 50
50 28
65 17
4 13
39 70
63 43
67 19
69 10
55 67
70 68
26 64
2 9
68 41
34 29
30 40
43 42
64 28
37 57
57 37
65 26
65 57
61 48
25 47
53 70
13 5
54 67
49 12
48 56
24 13
35 58
32 30
6 62
37 62
21 56
65 48
11 48
36 61
47 64
6 57
14 15
15 40
23 59
18 1
16 49
29 32
6 18
23 67
7 40
42 58
8 49
20 3
52 41
19 53
15 59
7 39
52 8
36 31
38 38
2 63
32 55
9 57
59 6
42 22
38 48
58 50
33 29
34 37
70 64
25 25
46 60
70 35
55 41
52 28
21 55
34 13
68 68
70 65
35 34
47 27
22 65
65 51
53 24
63 44
68 13
20 50
15 55
15 51
56 11
64 70
59 66
12 34
43 37
31 33
60 12
9 39
27 43
59 27
54 41
11 43
12 55
40 52
33 16
17 10
26 67
1 70
18 58
57 29
20 42
59 43
2 28
40 7
18 46
61 69
4 9
64 70
10 33
44 63
54 24
5 5
35 39
11 15
50 15
19 59
9 46
5 2
60 23
59 38
7 32
4 38
48 70
4 24
23 47
29 22
60 63
21 47
3 29
49 62
64 1
13 53
14 9
59 18
53 19
69 29
32 33
48 42
36 36
43 37
56 25
48 34
29 10
20 38
66 45
60 45
8 22
60 20
2 66
3 10
7 49
66 43
70 13
20 25
46 9
45 24
13 36
27 3
32 29
59 67
23 47
30 13
19 24
18 24
7 33
53 34
8 28
1 49
17 18
41 41
33 17
22 66
42 11
44 49
64 11
22 55
56 50
54 45
5 19
50 44
53 59
11 33
39 54
24 67
25 43
69 42
19 37
3 11
12 36
59 19
8 46
15 47
29 58
55 52
28 61
52 23
53 62
49 4
14 65
42 12
1 68
41 49
32 38
23 42
7 64
14 51
12 64
63 52
65 22
27 53
31 13
65 12
69 3
41 49
59 49
10 70
32 40
16 32
59 38
41 33
63 53
19 8
31 29
7 48
65 24
43 47
28 35
46 42
33 22
31 49
22 20
60 21
1 34
70 4
2 12
53 23
4 57
42 55
49 25
36 6
25 45
34 17
27 5
67 50
10 17
67 38
56 51
33 66
66 8
7 39
68 52
44 52
1 32
3 57
24 31
69 62
59 39
26 42
69 19
41 23
16 10
1 65
38 35
60 20
51 44
68 39
41 32
8 35
63 62
20 3
21 3
38 51
51 19
53 45
44 55
47 41
10 69
25 50
64 70
13 25
60 69
64 7
7 50
