73 1697
42 18
38 45
51 66
33 4
52 52
2 17
19 63
45 52
65 5
57 62
46 30
22 66
40 59
55 19
28 68
32 39
37 40
12 30
70 15
52 6
18 36
40 65
3 71
13 44
3 6
31 14
53 11
47 69
72 27
64 54
52 31
26 54
57 50
5 54
30 13
36 10
15 25
8 72
36 10
12 32
38 47
9 58
58 60
65 13
18 50
5 13
58 37
10 50
41 34
19 47
39 48
24 31
58 19
36 17
69 41
13 11
59 5
32 5
51 51
56 30
21 44
20 21
72 19
57 28
19 45
18 44
42 73
18 24
26 3
6 17
69 36
19 64
45 12
60 51
69 72
27 30
32 49
4 53
53 23
60 1
1 19
16 60
40 7
21 49
4 46
51 48
49 32
12 64
20 31
22 43
34 47
68 72
8 29
63 40
14 51
67 24
6 65
5 47
50 37
55 33
4 52
72 36
27 50
14 5
14 34
37 15
37 22
33 29
43 38
38 12
41 69
36 7
13 54
9 72
72 13
51 63
10 33
29 66
4 29
28 24
20 70
55 66
51 63
31 69
8 53
48 9
52 28
43 24
56 32
60 24
25 61
71 47
47 34
45 36
49 24
24 3
12 51
4 57
17 63
46 38
50 41
53 24
57 38
13 48
2 29
46 24
36 15
1 36
62 5
38 67
15 60
42 43
34 22
73 50
44 47
53 65
47 1
28 14
43 51
32 52
27 7
18 15
4 17
59 45
67 68
11 29
42 11
62 71
38 52
72 15
50 31
46 51
33 50
34 63
55 45
53 27
60 71
50 73
61 60
16 34
23 43
47 15
16 10
9 15
49 35
65 69
43 44
29 70
29 37
3 28
5 50
29 73
38 58
66 38
21 50
35 54
42 35
18 5
1 5
28 46
14 46
20 70
37 51
15 4
56 8
8 36
71 27
14 72
32 68
4 31
49 5
63 28
71 24
34 53
16 52
64 9
39 65
38 16
9 12
30 54
43 54
9 62
7 31
71 21
30 17
37 4
39 54
57 52
20 56
5 47
41 39
71 40
13 24
34 49
18 33
51 56
16 61
26 52
60 36
29 2
20 18
60 38
8 53
72 12
24 21
43 16
12 17
6 2
56 51
47 48
37 5
41 28
19 51
47 17
28 72
64 33
32 44
28 67
20 72
2 49
44 63
22 9
22 43
8 19
47 3
29 52
48 39
7 70
58 69
40 20
66 63
40 28
68 12
38 62
25 63
72 21
59 67
66 28
12 5
53 73
66 21
49 69
4 46
70 36
38 4
14 43
38 52
61 42
66 45
47 66
10 15
67 42
17 33
6 49
58 40
72 24
15 36
53 8
14 51
46 51
7 33
38 48
25 22
15 35
6 37
16 23
42 15
10 68
48 6
58 7
14 58
69 42
9 51
10 68
24 42
20 5
3 58
68 55
17 20
42 31
23 5
32 18
34 1
55 31
63 72
72 72
16 43
6 26
4 71
31 68
51 66
31 16
9 51
37 61
73 51
58 20
23 66
59 25
28 71
45 23
32 34
12 14
46 47
52 54
54 31
25 33
31 24
46 72
32 44
14 59
25 21
52 7
64 69
48 37
64 4
24 12
11 65
39 37
69 3
41 59
12 22
67 17
47 49
51 33
34 23
33 16
65 56
59 16
12 5
73 71
46 48
58 44
30 61
45 12
2 40
20 1
49 38
3 27
7 47
50 17
9 33
18 26
15 21
15 16
69 19
52 2
53 4
64 59
50 35
3 60
18 68
70 22
34 47
12 25
56 7
32 57
72 55
34 37
62 46
38 12
26 27
60 47
52 51
72 21
18 44
61 15
67 28
45 45
43 35
31 36
25 59
40 21
52 65
41 42
64 64
30 9
54 47
25 35
56 49
12 32
28 32
56 25
35 63
30 20
51 59
51 68
38 41
9 72
30 66
35 26
67 72
48 48
14 64
7 19
65 35
15 20
69 58
21 52
7 16
55 70
13 27
19 51
59 31
57 41
53 12
4 16
62 62
22 33
73 19
7 17
16 38
40 4
32 71
39 59
60 44
32 35
21 71
36 32
56 20
28 43
45 63
54 33
67 53
38 42
54 53
34 27
42 24
73 12
24 61
1 53
54 12
65 11
8 49
62 50
52 6
53 28
49 50
31 14
68 41
36 22
41 50
53 51
60 18
39 26
66 54
27 27
63 63
6 27
63 70
70 49
60 55
59 19
23 55
68 16
64 41
51 23
5 73
10 65
55 63
27 64
45 54
27 48
64 57
5 60
25 23
60 41
35 26
59 3
6 41
51 28
46 60
51 31
20 72
47 26
59 51
54 62
18 7
70 9
47 22
6 41
52 13
15 6
50 71
10 37
27 39
41 53
46 45
26 56
20 69
56 19
63 20
65 66
11 58
20 59
49 42
26 62
27 59
36 65
32 42
28 7
32 34
25 52
54 71
39 66
72 73
43 55
4 21
50 73
16 32
41 72
47 56
28 36
24 5
55 33
49 32
71 18
37 25
22 19
25 25
16 35
36 37
22 37
63 14
39 19
31 11
16 33
68 6
57 1
4 22
37 59
18 52
64 53
31 19
38 4
64 68
59 37
32 56
9 9
48 63
52 13
32 17
55 68
3 66
42 58
11 13
34 1
49 26
5 53
35 29
38 55
52 9
52 30
53 5
28 4
33 60
65 33
71 9
8 55
3 42
40 19
66 5
21 53
64 60
48 37
27 46
58 42
72 5
14 33
52 66
62 20
35 71
36 6
40 10
59 19
21 31
54 3
56 6
62 48
8 9
65 55
73 33
3 37
65 22
12 56
18 34
16 60
45 66
69 38
69 41
13 18
60 63
42 2
65 30
25 67
73 57
10 35
71 58
71 47
30 12
34 27
31 32
32 22
46 24
35 7
11 19
21 41
42 17
35 53
37 4
66 53
54 61
13 69
13 70
70 43
43 9
10 56
66 14
25 27
46 28
2 58
65 13
44 63
31 3
4 47
37 49
73 68
50 63
49 33
52 4
65 50
17 42
12 34
46 16
37 73
8 44
24 59
9 17
33 28
28 59
72 30
72 5
2 9
73 9
39 64
27 41
26 21
71 12
8 43
9 5
69 44
46 2
36 34
13 52
53 9
66 69
10 29
54 59
72 57
55 61
60 26
17 48
40 23
50 16
16 28
73 21
35 45
65 45
28 34
61 31
73 13
53 2
45 63
44 10
32 15
57 60
52 11
51 62
25 39
54 32
25 26
45 35
40 69
20 9
38 64
27 53
25 14
29 50
48 38
71 40
47 19
10 9
41 65
58 10
23 35
61 33
10 25
32 18
17 59
70 50
23 65
22 36
70 37
26 38
49 18
64 7
32 45
28 42
4 42
55 24
54 46
12 48
34 34
58 19
26 32
22 15
29 14
44 7
4 35
62 14
2 30
22 42
43 9
37 32
59 15
13 44
33 2
3 70
54 7
62 20
13 59
31 65
32 25
54 37
10 70
13 11
38 34
7 16
8 69
59 35
49 39
29 42
66 47
52 69
64 59
37 66
66 38
29 42
38 48
40 20
57 68
39 34
69 21
7 55
2 13
7 8
40 66
54 35
23 10
26 24
40 44
3 70
4 12
3 29
42 39
14 29
49 69
58 38
25 60
73 26
63 62
28 66
58 50
17 17
37 62
58 64
13 49
4 17
19 7
29 46
67 40
24 18
65 20
10 24
68 50
34 57
59 40
22 54
42 9
21 73
11 23
11 17
45 46
47 35
31 26
11 32
66 43
72 9
10 15
19 40
56 15
57 38
58 49
70 16
22 49
28 56
6 25
7 34
40 22
19 47
14 52
73 57
1 7
47 33
12 35
3 10
42 34
49 28
11 50
44 64
56 33
66 53
24 52
26 12
15 38
62 39
65 69
27 12
7 33
11 34
68 65
11 50
61 57
11 58
14 24
73 48
48 21
32 68
20 19
49 31
51 63
50 68
48 21
4 50
4 34
52 56
16 67
14 24
30 37
59 36
49 51
19 10
2 67
48 46
72 7
35 66
37 66
22 5
73 11
13 49
46 20
66 48
45 71
49 71
12 24
32 6
12 11
18 24
53 67
10 68
26 41
17 55
67 34
68 46
23 28
9 29
26 10
73 56
69 57
63 39
10 41
27 45
60 20
47 70
16 18
48 28
52 38
23 59
58 54
4 67
36 56
6 18
20 53
30 34
15 36
10 62
51 30
18 35
17 4
11 62
72 26
24 57
9 56
2 11
59 21
37 40
26 57
13 50
68 3
72 23
53 42
54 3
11 30
16 57
7 30
20 69
20 42
49 72
31 51
35 58
73 67
45 73
67 67
31 63
10 16
63 63
47 31
53 18
11 37
65 9
28 8
41 16
5 71
56 60
69 53
58 55
39 41
3 6
22 11
56 44
33 56
73 62
43 19
15 27
21 73
72 37
58 50
27 38
21 36
6 71
60 61
58 8
55 48
4 13
66 28
69 69
7 23
24 55
70 69
68 54
35 15
71 44
73 27
69 67
50 42
21 50
46 60
40 2
70 44
13 11
17 12
64 56
67 8
29 28
56 33
6 15
61 65
37 53
61 24
35 32
50 2
40 42
59 30
53 47
64 34
10 34
72 20
73 33
20 30
8 18
52 65
2 8
31 9
58 32
15 12
4 3
42 57
46 60
32 1
10 7
17 19
38 3
68 46
68 39
57 59
54 24
23 71
47 56
53 12
23 2
18 57
50 72
60 2
40 16
7 53
17 57
65 49
67 37
2 28
16 50
50 13
73 8
21 41
27 6
1 42
7 17
20 20
22 18
7 21
38 9
12 42
50 48
71 6
36 59
16 15
4 45
65 47
11 43
41 42
60 47
11 26
26 27
68 13
56 2
18 27
47 10
44 21
59 23
53 58
66 31
16 60
60 52
31 57
53 32
28 48
10 40
56 32
68 17
31 4
43 26
18 33
70 50
4 35
68 63
32 5
4 44
8 41
57 63
6 25
32 43
42 16
55 14
66 42
11 26
69 4
51 54
6 58
21 47
66 27
26 51
65 13
13 70
38 38
58 62
21 11
68 65
66 36
58 71
53 3
22 23
6 29
25 11
18 6
39 37
4 8
1 10
28 28
27 34
23 45
62 19
16 51
54 34
52 29
29 16
38 16
39 58
12 41
11 63
8 24
4 6
11 45
11 46
15 42
34 3
28 42
9 68
35 32
7 59
57 57
37 28
46 18
18 52
6 38
23 32
15 59
72 67
28 31
48 47
70 10
21 59
45 59
5 55
55 23
44 29
63 4
72 62
53 37
12 31
48 19
14 70
23 57
40 64
50 5
26 42
14 60
54 37
40 48
41 36
66 23
7 63
11 59
55 10
39 9
37 11
15 33
69 65
26 12
21 41
55 60
72 5
65 55
26 32
14 3
21 7
58 73
11 46
30 69
36 57
57 7
63 14
32 27
46 37
28 6
21 11
58 44
25 33
57 68
54 29
30 1
51 29
48 14
40 19
35 32
51 18
60 49
20 58
13 22
18 33
51 58
5 2
48 11
54 32
26 7
11 55
44 63
4 36
65 43
14 26
37 66
67 18
48 53
11 42
41 17
41 4
39 68
39 23
58 10
67 37
35 73
31 24
63 22
66 12
57 46
7 49
18 59
61 22
57 7
19 43
40 70
29 57
42 27
12 60
46 58
13 31
14 53
26 50
65 14
26 41
70 56
63 42
19 40
34 4
44 12
72 37
48 6
27 17
23 27
23 53
73 30
52 46
27 48
29 42
14 55
39 47
16 66
15 12
59 68
14 15
66 28
58 51
19 65
20 68
62 29
23 47
14 52
65 69
23 36
33 35
62 43
45 36
47 17
61 63
62 60
9 25
35 37
66 45
12 44
31 32
70 15
54 59
52 35
47 15
41 8
55 36
28 12
34 9
3 68
67 49
48 59
28 32
19 44
45 59
73 64
23 24
64 58
27 1
10 22
3 68
51 60
5 9
21 61
70 67
53 59
8 6
36 18
63 1
31 12
62 69
53 49
18 23
1 27
45 40
7 15
70 66
29 73
17 36
46 56
57 51
22 55
32 11
19 31
31 64
33 56
55 25
36 20
39 3
48 50
15 20
43 21
24 12
28 43
61 6
10 44
58 3
73 6
37 40
26 72
68 71
48 17
16 62
47 72
4 21
44 41
21 46
46 39
62 31
73 40
58 5
1 9
37 58
58 13
67 37
62 61
5 20
39 67
7 64
27 61
8 44
48 9
21 31
44 30
11 32
17 24
20 15
23 50
17 35
25 71
73 37
40 33
21 19
13 28
7 31
49 48
29 5
37 59
31 11
33 14
48 16
42 36
67 35
45 33
43 9
64 44
42 53
2 9
7 18
18 15
59 60
55 68
67 14
36 35
54 49
14 22
62 58
29 66
8 54
27 47
52 31
23 16
31 12
17 51
3 1
62 42
56 9
65 9
35 72
61 70
19 39
12 35
16 73
26 70
69 8
40 50
58 26
14 34
24 60
3 15
26 47
29 50
46 63
58 34
39 17
56 42
9 57
20 32
70 58
35 63
47 46
44 19
15 38
68 34
2 37
66 18
12 66
13 26
31 11
2 46
52 56
11 66
61 2
47 57
11 23
41 40
37 27
6 57
42 14
7 19
55 47
44 14
48 10
54 18
55 22
52 46
41 49
26 56
36 16
16 50
59 43
57 69
70 28
41 24
10 68
45 34
16 7
16 10
66 13
65 49
34 54
40 55
32 61
40 26
20 12
37 27
17 57
32 36
29 61
72 50
43 14
34 53
37 7
60 8
51 22
23 14
65 70
68 35
52 21
44 72
10 54
62 39
67 62
65 61
16 52
33 38
54 32
36 1
20 51
48 66
7 47
17 24
53 5
5 44
24 69
60 25
26 68
56 65
72 3
69 48
29 33
58 27
11 23
22 70
13 21
31 59
40 22
54 19
18 63
39 7
35 65
27 36
34 49
19 62
64 45
16 10
20 8
47 29
23 7
10 59
54 71
29 35
71 31
14 21
63 47
58 45
25 18
70 43
23 64
11 38
24 44
51 67
41 4
18 55
66 53
45 50
50 72
39 51
59 24
6 68
49 8
59 47
41 11
19 14
48 57
39 2
53 33
18 47
39 29
27 72
72 49
29 58
72 51
48 37
28 25
2 6
60 36
34 4
10 46
55 17
6 17
30 62
46 19
28 9
38 50
47 61
4 39
37 28
25 30
63 29
27 41
68 67
17 43
71 5
51 1
57 44
1 39
49 64
29 37
29 72
54 6
19 52
21 6
63 23
42 22
17 67
61 37
42 51
73 1
28 33
68 38
24 54
64 32
30 15
5 25
58 37
34 6
8 37
37 10
56 49
6 7
38 12
72 24
18 32
48 28
24 40
15 19
47 29
60 41
51 69
61 24
18 50
30 64
39 36
70 26
47 39
47 67
62 24
64 53
9 66
26 18
7 52
10 37
16 37
27 52
3 69
57 58
43 50
58 20
50 2
33 37
62 47
27 28
17 64
41 57
55 26
27 38
60 12
6 42
52 6
27 23
56 68
70 6
72 55
12 20
41 56
59 22
5 60
54 62
13 44
67 9
45 31
31 51
9 56
17 67
48 56
3 35
56 36
68 61
31 57
50 63
