34 436
3 31
25 5
20 8
23 27
17 14
2 3
24 12
19 8
7 11
16 28
20 29
21 7
20 26
21 2
24 16
2 15
12 11
4 10
24 4
13 10
24 20
33 25
18 17
7 26
24 24
7 23
9 10
12 33
28 7
15 17
4 6
19 25
1 6
1 7
25 4
14 27
29 15
22 3
16 29
11 5
31 31
7 15
33 9
26 22
7 2
8 4
34 17
23 18
33 8
13 29
5 21
14 7
1 9
29 12
30 26
26 16
10 18
5 8
8 27
9 25
16 15
22 12
29 17
6 32
6 17
10 13
6 23
23 23
6 29
30 5
15 28
19 4
23 32
2 12
18 4
32 1
5 8
26 25
3 5
16 28
6 3
9 8
23 27
7 12
18 27
21 15
7 10
20 24
23 1
4 34
10 30
24 1
20 30
34 25
20 26
23 27
20 13
23 19
20 8
9 22
32 24
34 30
34 10
34 11
12 2
16 32
34 23
24 34
16 29
9 1
23 18
14 6
14 3
28 1
15 34
5 30
20 5
27 2
1 23
13 29
24 19
11 19
15 27
30 23
5 17
8 4
32 4
11 12
32 22
23 17
28 9
15 33
8 26
9 16
12 17
26 11
25 5
19 30
19 6
25 11
30 12
29 24
29 34
4 12
27 25
27 31
14 14
26 34
33 17
15 14
10 17
26 4
28 14
9 18
10 32
23 6
16 22
5 23
23 26
18 19
9 20
6 28
26 5
33 12
34 12
22 19
21 17
5 9
22 4
28 26
25 32
11 23
32 27
29 10
28 8
17 9
19 33
33 15
8 17
16 20
29 21
22 26
19 21
30 29
11 34
12 15
10 20
30 3
14 29
34 15
24 20
12 9
7 27
15 1
26 28
32 11
4 7
13 30
1 12
9 31
31 12
20 28
33 30
32 19
18 12
12 27
22 26
2 3
11 4
18 27
14 25
1 13
9 23
14 26
17 12
29 26
24 1
4 25
28 4
2 12
8 17
19 8
17 3
33 21
28 7
28 8
9 6
10 3
2 13
24 28
25 16
23 24
13 25
11 5
26 12
4 21
26 30
14 26
1 11
30 10
2 10
2 1
11 5
22 34
19 8
29 9
30 10
4 34
34 15
18 31
10 34
25 19
34 2
20 31
34 29
32 33
19 34
29 23
20 6
5 23
20 22
22 2
23 9
8 22
21 31
13 24
26 26
28 30
12 10
31 13
12 14
16 11
12 29
26 11
7 14
2 31
11 31
16 22
14 1
33 7
30 25
11 21
12 14
1 7
18 6
22 9
17 6
22 25
23 21
23 17
13 15
16 17
34 19
5 23
17 22
17 15
23 19
8 11
2 17
29 24
34 30
22 8
17 25
22 21
24 32
6 18
24 18
23 34
7 34
30 7
22 14
6 19
9 19
23 13
7 29
33 2
13 5
7 29
28 5
23 26
12 7
27 15
34 32
12 5
3 12
26 26
15 33
18 20
21 26
1 24
34 23
13 23
8 4
34 2
5 20
6 13
32 30
10 19
10 7
2 25
23 32
19 12
17 34
26 26
34 6
4 21
15 16
22 23
4 17
12 20
1 9
32 32
4 32
27 21
30 17
17 10
11 14
6 28
3 33
31 10
20 32
15 34
22 6
34 22
11 11
25 22
31 32
31 17
20 2
6 32
22 24
20 1
15 15
22 13
9 5
8 30
25 16
29 4
19 25
28 1
27 28
1 7
9 31
15 31
13 34
25 9
12 4
17 33
10 22
31 5
7 6
9 1
3 25
20 4
23 24
13 14
15 14
9 32
22 9
12 25
7 9
16 6
17 7
1 11
26 33
3 25
13 23
20 23
5 33
21 9
22 10
29 13
33 15
20 29
26 26
14 29
16 28
9 2
10 13
21 12
25 6
23 1
30 4
28 9
24 2
33 6
4 1
3 12
23 15
21 19
3 4
27 7
28 34
2 25
33 9
19 17
