35 545
29 34
6 32
1 9
10 12
26 28
12 5
13 19
3 22
7 33
34 31
6 6
12 2
34 21
30 23
27 20
26 5
9 14
2 18
29 6
11 34
6 26
15 4
15 10
4 31
5 2
35 7
16 23
17 35
31 7
7 25
3 27
17 16
14 16
27 1
27 7
16 32
7 30
20 23
27 5
8 21
24 6
15 2
24 16
21 2
17 17
1 34
21 7
2 16
32 15
28 12
19 19
17 1
13 10
35 7
9 18
20 29
22 6
3 34
32 17
20 17
27 9
22 11
8 30
22 19
32 23
34 22
22 29
25 3
18 3
20 6
1 32
4 29
6 1
26 20
21 10
35 2
27 30
27 1
25 29
19 27
11 17
33 22
7 8
26 18
11 22
18 30
32 9
20 26
3 6
21 14
1 10
30 7
34 5
13 6
6 22
26 25
23 6
19 3
6 7
15 10
20 18
3 22
12 22
32 25
19 19
28 26
19 20
10 11
23 18
9 5
1 3
25 10
18 21
26 25
21 23
9 24
24 3
28 7
17 16
35 10
26 22
11 3
24 9
4 35
26 10
25 4
3 27
8 32
33 3
18 31
8 2
12 30
6 35
19 34
18 2
22 35
10 23
30 12
10 25
11 26
22 22
31 31
34 9
11 8
6 17
23 6
34 3
17 26
14 32
5 3
4 14
34 10
31 12
17 31
11 14
1 27
18 5
2 20
34 30
3 26
16 14
32 13
11 33
33 2
27 14
1 4
1 19
32 20
20 5
11 17
9 23
11 11
27 26
19 2
7 8
4 10
19 7
6 13
13 13
12 32
14 22
31 29
35 34
17 5
33 21
22 16
21 33
14 6
25 3
33 31
29 13
32 33
3 28
20 24
2 2
17 33
23 19
15 15
17 1
12 4
3 24
30 7
1 13
31 24
35 2
13 28
6 25
21 7
20 9
35 13
35 29
3 23
11 26
18 3
4 25
29 6
1 32
7 5
32 6
22 29
5 22
26 18
32 11
8 11
19 8
25 18
35 10
28 1
17 17
30 15
12 5
35 19
26 19
24 20
8 16
19 12
32 32
27 23
28 4
27 22
8 5
32 2
24 19
4 9
5 13
22 14
16 11
18 20
26 13
26 30
35 34
35 29
31 30
34 10
6 5
4 28
24 30
32 1
18 28
19 15
10 30
33 23
22 12
34 21
9 15
9 13
14 30
3 23
16 33
13 8
10 6
30 20
9 4
2 8
29 30
15 21
24 32
26 35
6 18
4 22
8 34
10 31
15 24
25 22
25 19
2 14
24 8
31 1
7 35
7 12
12 33
29 19
18 34
9 23
5 8
21 22
19 12
17 26
16 18
18 23
17 16
13 9
10 27
4 17
12 24
17 10
2 21
6 9
34 8
34 22
10 26
20 27
31 11
1 26
24 16
28 9
10 29
9 23
12 24
21 24
16 6
31 13
4 30
20 11
35 6
33 35
6 18
8 4
12 34
4 30
16 22
33 26
24 31
21 32
9 6
35 12
26 5
30 8
1 3
29 12
14 2
1 33
7 20
9 35
2 13
18 32
5 12
23 7
22 5
15 18
25 30
27 21
23 26
15 9
13 8
5 14
3 28
29 34
32 2
25 7
27 12
9 15
2 19
22 13
4 12
8 25
12 8
4 1
23 34
15 26
11 15
12 16
31 7
11 2
16 2
12 30
31 9
7 4
35 10
12 26
20 32
22 4
18 15
1 25
31 28
7 25
25 24
33 32
4 17
30 12
9 10
21 3
4 14
25 23
1 10
31 17
10 23
23 19
10 24
12 30
18 15
4 30
6 23
33 16
20 31
17 29
15 12
35 10
34 23
23 14
5 29
2 31
25 13
25 19
26 7
13 14
32 20
31 3
23 11
30 4
35 16
1 15
5 30
19 7
24 31
19 24
1 6
26 10
7 27
27 15
23 34
9 34
22 1
26 33
21 5
35 32
33 25
18 28
14 18
13 28
25 17
29 34
26 31
2 32
33 4
27 26
30 23
5 30
27 10
23 2
21 31
10 10
20 6
20 28
4 9
20 17
1 28
28 8
14 34
17 15
30 17
17 8
35 28
20 3
13 10
6 29
2 33
19 25
3 31
3 6
35 32
29 14
35 24
1 21
33 18
26 9
15 14
14 30
15 12
6 23
34 12
6 35
19 31
11 17
33 31
27 7
24 17
3 20
9 30
13 16
35 1
6 5
29 33
23 17
16 20
1 33
2 35
17 14
4 6
34 24
27 26
29 25
19 13
12 35
15 5
33 18
17 5
34 8
15 30
4 33
3 6
8 18
29 16
20 22
30 20
13 10
24 35
10 25
15 3
30 15
22 8
34 12
5 21
12 4
3 18
16 19
16 17
13 8
1 12
21 32
8 30
10 16
20 26
7 31
5 9
17 33
13 20
14 19
6 19
30 1
5 25
4 18
16 26
3 10
12 22
