99 1063
41 95
58 7
7 50
23 72
15 2
4 59
56 6
41 1
84 70
64 34
50 12
61 42
94 24
72 16
61 91
82 54
35 86
66 73
74 42
42 56
41 47
7 5
85 71
85 12
1 51
93 46
1 58
24 43
40 50
64 1
20 69
70 83
5 63
73 11
3 92
72 64
17 1
71 64
30 22
29 52
32 3
63 47
48 79
92 1
74 36
54 18
95 61
65 66
65 14
90 42
36 43
72 38
34 58
77 39
47 1
33 22
20 1
92 85
33 85
14 57
64 17
83 45
97 25
69 59
83 7
51 47
16 71
75 21
31 99
26 85
89 78
37 37
52 8
28 73
99 20
5 63
23 15
13 22
28 50
57 31
70 96
8 67
83 89
83 73
94 86
39 22
11 63
51 16
64 71
33 80
83 65
57 83
7 34
25 45
83 62
74 56
83 22
38 99
74 44
76 59
57 65
58 26
58 98
55 91
38 22
94 35
21 31
32 87
24 63
27 69
62 21
36 24
30 8
40 6
21 16
97 57
99 71
53 31
74 61
5 5
2 74
22 28
42 68
62 55
27 78
42 12
58 20
34 26
61 58
34 4
54 20
69 50
45 17
10 36
4 60
22 5
31 30
48 6
75 56
54 78
17 37
24 48
62 88
27 69
76 69
60 69
2 4
82 33
70 5
39 94
83 44
6 51
49 70
22 75
47 14
84 53
39 81
40 14
58 88
49 67
21 15
83 40
84 53
98 10
93 19
72 22
49 90
24 13
25 67
23 5
79 91
5 91
86 40
84 2
33 16
6 44
88 56
89 14
26 85
56 93
83 29
64 90
34 14
18 68
74 70
43 19
89 73
32 8
2 23
71 66
65 5
71 31
17 39
86 46
42 54
60 8
52 89
87 34
65 63
99 4
61 20
3 4
95 80
62 33
70 26
38 19
33 18
96 70
95 90
2 53
46 45
90 84
61 38
41 46
70 22
54 17
95 36
44 5
8 67
61 2
28 30
40 33
13 58
1 15
56 28
88 7
52 80
96 62
18 96
44 76
71 8
37 14
34 24
26 26
39 20
63 60
54 1
60 41
72 57
75 25
80 46
19 42
65 15
4 95
77 71
38 39
89 71
77 11
81 75
35 31
93 64
78 65
79 85
99 31
83 86
86 70
93 31
87 52
92 37
4 43
41 55
84 4
40 98
73 31
85 64
75 42
75 54
86 79
75 18
82 56
9 48
69 32
71 46
13 91
35 74
64 74
57 22
71 98
38 11
1 12
47 51
75 41
84 84
41 77
66 16
54 26
12 80
31 96
34 47
32 70
91 85
24 68
21 33
2 16
92 63
98 93
9 79
85 72
19 80
65 44
20 82
83 9
50 56
52 65
49 64
7 59
58 61
92 13
74 33
6 2
10 43
87 30
62 74
76 36
70 99
56 71
51 2
57 32
80 79
84 44
32 22
19 92
26 30
53 5
7 48
35 66
97 76
51 86
46 51
42 91
33 39
79 63
24 48
88 85
55 92
51 51
44 24
73 58
85 54
59 53
53 93
60 76
53 20
49 32
46 6
97 61
92 28
78 29
47 74
12 16
24 70
47 12
93 56
94 5
23 30
35 73
96 66
75 59
77 66
16 49
90 18
79 21
35 30
63 90
75 20
80 30
33 23
41 64
36 95
34 44
21 88
79 90
67 48
97 2
63 41
53 28
63 55
49 11
39 41
18 79
12 10
73 91
25 92
69 50
74 99
59 42
58 92
63 41
41 5
66 47
2 8
34 68
85 64
83 29
86 95
96 33
9 53
86 29
41 60
46 28
56 7
62 27
15 44
27 68
40 87
37 3
84 59
8 78
33 83
89 34
51 59
29 4
60 41
44 26
17 36
53 59
79 45
57 86
61 75
83 28
37 31
95 33
93 28
92 80
23 27
89 41
4 32
14 47
12 51
85 26
87 68
44 18
85 27
79 65
69 55
19 79
46 54
44 60
14 76
78 98
23 1
31 27
16 50
20 34
53 45
77 34
82 39
47 87
64 46
87 73
8 86
90 99
34 61
7 69
23 4
28 73
46 91
81 26
51 83
92 39
21 68
6 10
31 62
60 60
52 81
60 71
38 6
25 69
10 40
33 2
98 42
77 50
52 69
31 36
74 37
47 51
1 51
77 79
56 89
52 36
33 98
97 85
25 82
26 78
33 63
90 59
12 60
32 84
47 91
93 9
44 47
69 64
23 10
26 22
80 5
68 27
37 43
25 1
23 25
65 29
6 86
72 5
32 59
68 44
85 99
2 57
17 87
18 85
66 42
99 79
21 27
21 53
42 50
84 58
89 72
86 31
80 53
89 56
28 74
39 2
68 16
13 57
46 65
23 29
54 30
74 53
94 10
96 46
71 36
46 64
75 98
8 3
56 87
76 95
62 77
64 43
44 52
3 39
82 23
87 19
60 43
46 1
11 40
51 41
96 1
96 76
30 12
16 75
77 98
91 62
94 73
39 61
4 98
72 94
72 36
86 88
99 33
30 42
80 42
19 88
35 31
47 21
97 57
72 84
36 82
13 54
83 99
28 60
92 36
43 76
61 14
64 81
43 36
69 56
9 69
96 48
51 97
30 73
23 10
9 80
71 17
41 31
82 32
69 51
96 27
58 93
88 2
40 50
98 74
23 80
96 15
60 83
57 53
99 79
43 84
28 18
69 65
97 8
42 76
73 57
50 16
83 17
91 78
5 56
28 51
75 12
47 2
54 73
13 39
33 34
94 25
9 65
63 74
28 64
12 77
20 9
38 33
5 75
7 59
18 69
36 56
31 8
53 90
97 4
21 75
27 98
12 12
95 96
30 77
97 36
35 11
62 46
85 97
33 58
64 89
15 71
76 65
17 84
10 76
77 67
34 73
3 91
24 62
10 98
98 88
93 18
54 86
27 21
71 7
97 12
93 53
1 52
49 36
81 16
7 85
55 72
53 22
2 89
57 24
43 64
42 10
27 64
8 52
10 90
16 45
52 44
19 66
53 10
99 11
96 37
31 82
65 31
22 98
86 30
36 81
57 98
80 26
28 90
30 85
79 25
89 81
71 23
62 78
21 54
23 17
55 44
66 63
11 66
36 63
45 10
81 52
89 13
80 6
53 70
54 2
75 2
9 68
51 73
44 76
25 4
59 65
70 87
94 59
69 13
32 63
82 84
10 89
45 33
56 4
74 38
10 50
14 9
36 44
11 82
79 80
59 83
95 53
79 82
91 36
88 11
98 26
30 69
35 79
5 88
67 57
91 85
24 13
75 42
81 29
90 92
80 44
87 31
65 58
41 2
32 94
89 12
68 65
38 38
71 43
19 22
23 88
23 63
17 7
19 9
3 30
51 11
57 54
48 92
52 48
34 72
87 68
65 78
22 81
79 26
23 38
9 83
78 5
10 84
10 84
72 23
2 37
78 98
17 36
49 25
82 71
61 91
28 28
76 79
87 54
50 26
97 52
71 33
33 97
16 18
19 32
35 12
32 24
77 80
63 45
69 90
30 59
47 6
17 74
63 96
37 52
66 90
95 11
70 41
37 42
24 95
58 69
79 8
88 52
75 37
95 73
64 66
20 31
37 25
17 49
32 16
94 27
66 32
17 72
46 85
83 97
42 6
38 52
48 57
18 63
24 12
11 47
56 33
16 89
97 20
84 20
62 37
24 14
11 22
55 30
9 54
17 10
98 98
65 70
57 10
10 86
92 5
3 27
41 85
39 18
19 17
78 94
5 69
42 32
83 90
6 12
40 46
25 8
45 79
46 44
95 31
3 32
77 77
63 8
86 26
47 91
14 6
51 15
84 27
13 86
88 29
55 78
93 68
42 2
52 19
78 35
22 89
80 99
90 50
79 17
35 64
52 63
14 33
50 55
96 40
40 67
50 85
91 28
95 36
54 90
15 42
62 34
68 70
77 68
70 1
36 20
96 24
9 72
74 6
24 26
8 42
81 47
19 70
95 89
43 75
87 58
50 36
92 68
35 61
71 4
76 67
16 13
55 33
20 44
73 88
14 70
57 77
40 81
64 51
50 29
7 22
21 67
93 46
59 98
1 62
88 56
88 50
94 29
66 34
37 86
9 9
61 66
56 4
64 16
76 56
30 44
28 19
77 71
7 78
52 20
11 84
98 58
12 6
50 34
57 73
55 91
2 49
3 26
88 82
49 73
71 72
10 70
20 23
26 4
70 95
57 62
83 46
25 31
68 49
54 30
27 13
20 37
94 55
71 98
6 89
38 67
83 45
60 76
68 94
84 84
90 23
54 90
11 74
32 74
7 59
74 52
47 16
19 84
52 30
1 64
39 5
21 89
70 81
47 63
28 7
15 16
89 42
26 4
55 7
32 78
92 69
76 70
61 64
91 79
62 37
14 39
83 23
35 24
11 46
38 68
30 43
32 86
18 96
46 33
49 91
86 14
20 76
26 87
83 43
22 52
30 96
40 72
12 43
62 30
8 64
91 64
75 94
90 71
40 88
87 48
2 83
1 36
99 33
79 42
1 48
42 17
88 92
96 49
64 78
36 60
83 19
66 54
36 60
96 24
52 79
21 49
89 48
31 85
63 53
95 9
72 84
28 74
87 64
5 88
55 48
29 43
82 53
17 78
56 52
1 86
64 89
13 72
62 62
76 88
69 10
26 91
27 67
5 6
3 14
77 45
71 82
69 97
71 72
96 13
54 88
99 85
12 98
27 88
42 8
84 52
95 37
22 36
70 21
46 79
29 99
28 5
71 20
25 25
41 36
53 66
16 98
42 29
53 46
23 3
