25 153
1 23
20 4
10 18
19 22
11 23
24 19
10 15
22 15
3 10
22 15
8 12
15 18
20 1
23 14
10 23
21 5
6 12
21 10
8 6
10 1
3 3
7 16
3 1
18 18
12 24
23 1
15 8
12 1
24 24
12 24
25 14
9 25
17 22
2 13
17 9
3 12
22 17
10 23
18 18
22 12
4 12
7 25
14 23
7 18
21 23
24 22
17 22
17 18
10 20
5 10
5 10
23 7
16 3
20 20
24 24
13 19
11 11
10 14
10 13
21 16
11 18
3 24
4 24
13 6
9 5
14 19
5 25
22 21
11 16
9 1
16 14
17 19
13 25
7 13
1 21
16 22
11 17
22 10
19 19
13 3
6 8
6 20
8 17
18 5
10 20
10 9
4 20
12 9
16 21
1 7
24 24
9 22
22 2
17 13
20 2
10 21
5 19
5 25
5 11
12 16
4 18
16 3
16 1
6 20
21 19
20 3
2 7
4 23
22 22
9 16
15 9
16 4
13 9
2 3
16 11
25 20
1 20
20 17
24 1
5 7
6 17
6 8
2 9
7 19
2 25
5 18
24 18
12 21
7 7
12 12
22 11
23 13
9 10
4 2
4 22
20 9
15 6
9 4
2 23
11 2
6 8
8 17
4 25
17 21
24 23
24 14
8 14
9 18
16 21
14 6
10 6
9 6
6 1
