49 521
18 3
36 32
20 5
11 11
49 29
8 4
31 28
26 38
30 29
12 36
19 43
8 31
6 4
48 1
45 13
26 2
8 18
49 22
27 1
41 22
13 42
41 38
34 20
26 1
7 28
42 44
23 34
22 6
32 8
45 36
2 49
22 3
15 36
30 24
34 42
49 38
45 20
30 45
46 23
7 41
13 21
36 8
34 15
28 32
17 19
40 20
45 13
39 48
35 21
49 28
42 33
15 19
16 15
6 23
9 32
2 31
31 26
34 37
10 3
1 16
7 29
35 30
7 5
15 37
33 44
23 37
39 30
15 48
38 43
20 30
25 43
16 29
43 46
20 12
41 19
32 36
30 17
41 26
25 18
27 41
2 5
25 45
23 20
35 27
32 18
25 42
14 10
16 32
3 11
42 30
21 17
1 12
35 17
40 26
30 39
49 9
17 22
3 45
5 21
22 6
46 13
49 45
14 12
13 6
33 7
40 24
30 37
44 13
48 17
10 9
38 7
43 15
8 49
39 8
10 13
16 47
48 38
27 31
28 47
13 46
36 19
6 22
11 42
21 35
29 23
49 42
14 29
28 11
25 43
19 29
9 10
6 8
28 14
8 25
22 32
22 21
32 31
43 19
16 44
48 14
40 44
46 20
35 14
5 49
47 15
34 4
13 26
26 37
24 8
28 20
48 23
5 7
36 27
28 21
13 14
17 34
31 22
2 37
15 15
35 33
26 28
2 47
6 11
20 18
24 24
41 19
21 28
43 43
42 33
44 49
17 34
47 47
36 46
9 14
18 40
17 29
24 17
1 18
48 10
15 19
43 26
7 18
4 3
46 38
39 41
46 14
17 47
23 40
3 31
24 25
46 36
2 6
17 15
7 32
36 7
22 35
20 26
30 46
47 29
39 34
35 15
1 26
41 33
46 15
6 36
10 4
14 20
42 33
19 27
31 15
28 20
14 1
17 49
37 17
28 28
12 39
4 4
16 45
19 16
19 24
14 47
28 3
31 22
36 44
4 34
3 20
20 13
18 37
20 38
43 35
22 31
45 24
14 27
3 1
49 34
37 35
2 46
8 45
1 18
3 47
46 13
39 38
19 3
23 20
7 27
40 41
26 44
20 36
40 21
11 4
47 21
30 41
48 14
42 35
8 47
19 28
9 13
49 27
19 24
3 22
47 6
10 6
17 16
49 49
14 13
20 34
1 36
14 24
42 3
16 25
15 18
34 23
40 33
44 4
4 39
12 31
19 4
39 31
31 36
33 25
44 33
35 32
10 47
35 4
13 15
28 44
8 30
8 34
37 33
37 29
18 41
17 39
29 20
27 43
17 40
25 3
24 45
5 30
13 10
39 2
9 25
43 23
36 36
20 36
1 31
21 45
27 40
42 24
6 39
27 48
23 27
30 34
26 12
39 31
35 48
32 15
32 43
16 21
47 20
10 32
36 44
15 5
27 24
21 2
15 12
32 34
45 24
47 34
29 30
4 35
1 17
12 19
7 4
39 29
39 6
11 26
10 39
3 2
11 12
33 4
21 43
28 21
47 3
12 8
18 21
16 46
32 23
15 12
47 35
26 48
46 22
8 47
25 41
34 15
32 11
30 36
43 1
37 3
23 38
39 12
33 41
43 15
5 3
19 45
3 8
25 10
28 29
27 41
32 12
12 42
9 26
47 8
44 25
13 36
33 35
44 25
44 44
36 14
16 23
29 23
22 45
15 4
7 25
7 38
13 37
30 3
44 10
16 14
39 18
7 43
35 38
38 9
6 9
8 43
38 28
18 10
28 13
2 14
15 2
6 11
14 48
21 34
31 25
41 30
5 29
4 35
27 36
17 19
36 9
21 28
43 20
7 10
35 45
30 21
36 43
5 29
41 38
32 43
35 22
9 27
6 18
38 32
40 9
31 30
2 32
22 34
43 37
12 6
37 3
38 36
41 27
42 6
30 12
41 32
33 9
27 20
17 43
46 15
8 26
21 41
20 36
7 39
8 17
21 16
23 29
27 41
12 30
6 27
47 33
12 39
42 44
39 9
15 47
19 41
25 40
43 27
42 40
34 37
20 20
20 11
13 17
37 1
19 2
13 19
39 27
17 17
1 6
36 22
12 34
26 30
36 30
43 14
25 3
33 42
40 13
39 12
30 43
39 47
42 14
43 8
47 4
49 41
23 39
27 37
9 33
11 32
10 32
47 4
42 34
44 28
1 5
44 18
43 48
43 13
2 14
47 22
42 22
36 32
47 17
19 23
3 17
36 41
14 7
40 13
14 15
26 25
33 9
34 17
17 18
10 31
16 33
23 29
4 1
16 16
3 28
4 10
9 11
29 12
30 12
31 10
25 43
