63 1104
43 27
41 18
54 63
30 54
58 54
42 38
36 8
24 48
2 63
3 37
27 4
16 48
7 7
17 39
51 51
51 60
9 42
45 16
12 35
49 49
2 29
13 22
31 59
43 4
1 57
50 50
53 3
48 52
44 1
19 30
35 33
59 9
25 37
58 21
28 53
59 7
58 44
1 10
29 40
11 45
22 18
19 2
15 28
7 53
59 59
58 17
36 3
20 61
29 29
5 25
62 47
43 18
59 15
53 46
11 39
62 30
31 48
49 11
46 11
15 50
3 9
34 59
16 55
59 23
57 52
7 31
39 25
15 16
43 19
12 7
45 25
39 17
35 49
59 36
31 25
26 20
12 43
17 39
20 46
49 12
9 25
13 53
25 53
52 60
4 18
15 59
27 2
50 5
33 19
28 22
26 39
10 42
62 9
63 51
34 36
13 54
62 32
61 63
19 58
26 43
15 44
22 23
50 39
22 11
12 38
38 15
12 28
7 29
62 17
27 7
21 60
50 31
34 12
4 47
10 24
27 2
40 32
51 34
46 34
40 22
6 12
37 8
1 5
34 5
23 62
59 42
55 9
23 8
11 9
21 53
31 24
28 44
52 44
37 33
6 29
60 23
3 34
2 8
9 36
26 36
23 44
53 30
53 1
55 36
25 12
11 53
26 15
30 54
48 51
45 27
24 22
62 25
32 47
52 49
10 20
29 2
35 41
46 9
23 34
46 13
6 20
58 10
61 35
29 40
44 31
32 53
61 9
50 46
51 51
61 26
7 20
18 2
44 47
41 14
33 3
30 20
22 53
28 35
52 62
50 45
48 22
19 48
47 27
33 1
45 20
62 14
8 11
60 3
43 63
41 44
45 3
2 53
36 20
32 63
37 58
13 44
46 41
3 10
50 53
36 59
62 61
19 11
17 19
41 10
50 41
9 54
45 20
9 43
7 30
31 48
20 30
38 58
33 58
44 27
17 16
36 49
2 40
58 37
22 8
52 31
45 2
51 5
12 54
36 58
4 36
57 26
17 15
61 23
13 37
42 1
58 48
34 62
18 30
48 20
23 27
32 21
8 5
38 2
36 61
27 12
21 51
21 38
60 9
55 47
14 26
24 60
27 51
44 54
28 59
12 4
9 2
30 31
1 45
45 46
13 7
53 13
19 40
47 29
1 22
43 59
20 57
37 61
53 4
26 28
21 47
60 5
14 11
1 48
39 10
22 22
44 18
56 2
31 3
31 14
31 62
29 49
15 62
21 46
25 34
24 51
21 42
50 42
5 33
38 27
36 58
23 18
11 17
42 38
54 6
63 18
38 49
26 41
8 39
62 36
58 6
35 26
52 8
58 29
51 29
2 59
33 50
38 23
32 25
54 46
22 51
60 34
56 28
44 3
24 35
3 35
50 29
16 44
29 29
26 28
20 17
15 52
40 46
10 21
26 15
17 62
19 4
18 61
56 16
62 60
45 52
22 25
26 2
42 38
17 19
7 37
61 57
38 3
63 61
29 41
15 29
60 13
31 31
16 48
58 31
19 7
3 55
49 50
59 47
44 6
30 41
51 33
29 4
36 50
11 2
21 31
17 13
13 62
33 18
27 34
58 42
35 4
23 19
47 7
57 52
16 48
24 37
36 38
43 18
62 31
2 38
34 41
26 53
42 24
36 31
25 61
33 37
23 10
18 63
38 17
11 49
23 2
54 38
49 53
41 29
39 53
35 49
9 13
14 44
6 32
4 1
12 4
28 30
15 18
11 9
25 18
43 1
41 58
57 27
54 23
49 5
51 35
58 44
49 14
25 37
40 4
20 22
57 8
45 38
63 38
6 60
4 21
59 39
38 23
33 1
59 42
38 23
14 6
48 55
61 7
48 42
32 26
26 53
18 43
31 37
49 7
12 17
46 19
11 37
30 46
18 19
57 9
7 14
22 41
49 9
44 47
28 59
12 1
15 36
48 26
13 12
10 38
58 41
14 50
29 33
6 46
53 1
15 57
22 28
23 5
58 24
60 58
5 17
50 39
17 11
28 30
42 38
27 54
47 32
63 58
51 58
11 7
18 45
26 2
46 18
33 6
42 52
22 54
12 13
62 5
11 27
40 60
63 63
51 48
41 6
22 1
28 44
19 61
37 20
25 45
47 15
18 57
16 12
29 63
43 60
32 47
31 28
41 30
17 10
14 39
47 1
22 39
58 1
24 51
31 3
11 59
19 61
26 62
43 58
7 5
49 31
39 7
25 28
17 49
58 52
3 13
28 6
49 44
62 16
48 7
31 18
63 18
34 35
55 5
55 9
39 3
57 38
9 52
24 5
26 47
50 6
61 60
26 41
11 9
55 9
43 48
33 52
47 5
53 8
61 3
8 8
19 9
52 61
22 53
1 10
28 55
62 18
54 17
37 50
50 19
40 41
52 48
62 31
11 37
46 10
11 54
1 30
51 44
15 43
25 37
59 42
41 27
25 4
54 6
3 19
41 55
2 42
20 46
13 25
12 24
16 17
18 17
8 41
3 22
29 1
48 18
18 60
56 18
56 5
12 23
9 62
37 43
49 46
10 59
49 5
20 37
22 40
15 40
43 50
12 18
63 22
30 52
30 28
2 30
59 42
45 31
38 59
7 33
57 37
62 32
58 20
5 11
21 18
18 6
45 13
43 41
20 33
33 7
3 14
25 16
42 3
17 43
13 42
27 2
43 61
24 22
42 53
29 33
60 46
63 41
61 22
5 42
29 41
14 26
45 10
23 11
13 50
52 15
15 45
48 39
52 10
13 61
32 58
21 23
5 44
61 58
8 62
28 15
42 1
4 15
52 31
53 53
8 49
51 47
63 49
41 11
55 30
48 57
8 59
9 30
46 9
30 18
15 62
58 21
18 2
55 16
31 59
34 29
5 2
3 56
12 15
52 48
5 41
25 59
29 47
40 4
27 23
31 57
26 43
41 61
54 34
51 30
22 19
55 9
10 56
3 48
40 21
34 39
48 28
58 21
52 11
23 26
32 40
47 58
22 36
41 47
40 33
13 5
19 31
9 22
37 2
16 44
37 48
46 29
22 11
14 16
30 17
42 17
1 52
53 37
51 24
36 22
28 19
30 29
16 57
14 5
54 18
4 9
19 16
9 2
38 9
31 32
24 36
43 35
4 50
45 44
43 12
46 40
59 26
31 43
42 7
3 11
37 41
52 59
27 10
37 27
44 63
7 48
20 58
16 15
1 60
51 9
24 11
32 56
48 32
19 26
8 60
44 49
53 39
36 5
1 34
1 58
50 46
54 20
36 59
7 48
24 30
36 6
21 46
29 30
45 50
25 59
31 22
52 45
55 33
26 55
63 13
45 5
42 21
37 20
28 1
20 55
11 17
41 61
14 46
37 15
6 24
10 51
48 45
8 33
4 27
50 61
60 63
23 51
54 24
34 31
55 40
12 23
22 19
13 26
18 9
57 56
9 58
27 47
12 40
31 10
20 23
21 3
23 6
29 6
42 24
4 39
37 17
18 23
27 40
25 23
40 11
8 55
50 6
11 40
37 54
13 3
34 37
45 9
15 49
19 14
13 15
1 56
61 2
42 21
51 62
44 62
57 29
40 29
54 1
62 53
32 26
48 41
60 44
25 37
45 40
63 2
3 12
13 33
23 62
22 49
42 46
57 45
47 34
24 30
34 57
12 49
18 40
49 49
6 42
26 63
12 42
4 60
61 44
61 19
35 37
31 40
50 7
60 14
12 31
38 50
3 20
45 1
9 6
15 18
40 32
35 2
16 57
37 29
12 13
28 61
23 37
52 4
43 16
14 21
29 35
43 39
26 60
38 49
43 36
33 29
32 32
54 48
44 50
10 31
50 53
45 43
13 57
17 32
57 37
10 14
15 16
23 23
14 59
2 17
36 8
57 3
10 27
6 30
56 51
31 58
27 32
27 52
27 36
55 32
30 49
29 30
9 17
17 55
60 32
48 51
12 4
17 31
53 52
56 51
4 53
51 26
60 49
52 52
40 14
59 1
25 61
13 34
18 45
54 58
53 16
35 16
38 2
25 58
25 58
55 25
61 13
62 6
19 16
28 41
60 29
61 5
55 17
35 30
61 43
29 53
32 46
27 35
31 49
45 48
54 15
55 31
26 60
63 12
54 60
2 26
25 7
7 11
49 2
4 24
36 54
41 58
1 15
54 60
46 17
32 18
32 1
56 7
42 6
22 26
8 50
18 29
39 39
8 52
53 10
38 44
50 52
25 57
32 55
4 57
25 61
37 20
33 25
32 3
59 11
22 32
1 24
29 24
21 5
30 2
18 28
61 2
61 34
52 53
20 16
10 2
48 15
2 62
6 12
9 60
59 30
53 37
19 11
16 11
13 27
59 52
22 18
34 29
4 27
32 60
17 6
5 36
22 2
57 23
52 5
56 53
33 16
54 62
36 15
63 43
46 29
3 45
33 63
41 6
52 56
51 34
17 26
17 31
13 26
41 8
5 21
50 9
59 16
47 15
18 46
55 26
16 33
11 15
63 19
20 10
55 34
50 16
23 40
11 27
9 39
3 54
23 60
15 16
37 16
62 4
3 57
58 53
36 47
31 26
42 16
23 31
16 39
42 16
2 61
35 62
38 19
8 52
29 2
41 7
1 23
26 46
14 31
44 7
35 11
44 11
55 62
9 6
9 18
52 42
56 34
38 19
22 9
11 1
18 48
18 39
10 4
56 29
62 28
52 61
17 32
35 1
26 61
60 59
15 54
54 60
1 9
37 23
53 15
27 5
8 59
57 6
14 55
59 52
53 51
22 2
26 62
9 32
59 60
54 33
16 20
38 38
30 11
8 60
30 62
48 56
24 13
15 14
27 46
56 40
32 8
17 52
36 63
59 36
43 54
34 29
10 35
26 54
49 11
53 43
28 48
3 7
54 49
32 34
32 38
40 7
17 62
12 6
54 24
22 31
57 61
32 48
15 47
37 43
32 46
6 29
